99
60711_0_004e6c_unrelaxed_rank_001_alphafold2_ptm_model_2_seed_000   0.0000000 0.0150144 0.0141292 0.0331442 0.0341159 0.0260975 0.0269179 0.0270406 0.0043511 0.0123321 0.0078712 0.0078712 0.0078712 0.0078670 0.0325616 0.0483881 0.0537444 0.0105412 0.0026036 0.0287213 0.0172297 0.0221369 0.0311272 0.0730526 0.0602636 0.0588948 2.9655678 2.9562102 2.9392610 2.9399918 2.3924256 2.3989273 2.9340488 2.9340488 2.9371059 2.9386166 2.9639327 2.9639327 2.9455298 2.9476274 2.9476274 2.9476274 2.9476274 2.9476274 2.9476274 2.9715083 3.3505350 3.8042195 2.9070737 2.9177988 2.9447066 3.0492945 3.0348363 2.9659638 3.0492945 3.0492945 3.0492945 3.0492945 3.0911213 3.0962799 3.0962799 3.0492945 3.2225277 3.0734050 2.8246863 3.1713737 3.0385331 2.5774674 2.7442388 2.8877309 2.8877309 2.8877309 2.8877309 2.8810096 2.8877309 2.8877309 2.8877309 2.8877309 2.8647554 2.9038024 2.9341364 2.5070591 3.2481286 2.8785380 2.8891842 2.8842951 2.8842951 2.8936724 2.8871425 2.8644518 2.9195991 2.8842951 2.8962403 2.9537445 2.8837202 2.9083330 2.8767707 3.0007324 3.1581873 
81572_0_0026c1_unrelaxed_rank_001_alphafold2_ptm_model_2_seed_000   0.0150144 0.0000000 0.0026013 0.0201549 0.0172149 0.0339350 0.0297357 0.0271552 0.0140782 0.0043407 0.0149390 0.0149390 0.0149390 0.0158523 0.0326991 0.0514278 0.0539841 0.0167701 0.0123186 0.0314750 0.0341159 0.0330190 0.0220837 0.0706475 0.0585227 0.0559800 2.9626552 2.9533017 2.9363628 2.9370919 2.3924256 2.3989273 2.9311523 2.9311523 2.9342079 2.9357183 2.9610238 2.9610238 2.9426255 2.9447236 2.9447236 2.9447236 2.9447236 2.9447236 2.9447236 2.9685940 3.3505350 3.8042195 2.9070737 2.9003961 2.9269814 3.0462586 3.0318078 2.9659638 3.0462586 3.0462586 3.0462586 3.0462586 3.0880663 3.0932235 3.0932235 3.0462586 3.2225277 3.0734050 2.8246863 3.1713737 3.0385331 2.5774674 2.7442388 2.8877309 2.8877309 2.8877309 2.8877309 2.8810096 2.8877309 2.8877309 2.8877309 2.8877309 2.8647554 2.9038024 2.9341364 2.5070591 3.2481286 2.8785380 2.8891842 2.8842951 2.8842951 2.8936724 2.8871425 2.8644518 2.9195991 2.8842951 2.8962403 2.9537445 2.8837202 2.9083330 2.8767707 3.0007324 3.1581873 
61853_0_001a5c_unrelaxed_rank_001_alphafold2_ptm_model_2_seed_000   0.0141292 0.0026013 0.0000000 0.0172383 0.0201549 0.0329686 0.0288304 0.0262466 0.0131968 0.0034720 0.0140590 0.0140590 0.0140590 0.0149692 0.0317868 0.0504418 0.0529887 0.0176975 0.0114371 0.0305713 0.0331442 0.0320502 0.0211254 0.0717046 0.0595451 0.0570031 2.9626552 2.9533017 2.9363628 2.9370919 2.3924256 2.3989273 2.9311523 2.9311523 2.9342079 2.9357183 2.9610238 2.9610238 2.9426255 2.9447236 2.9447236 2.9447236 2.9447236 2.9447236 2.9447236 2.9685940 3.3505350 3.8042195 2.9070737 2.9003961 2.9269814 3.0462586 3.0318078 2.9659638 3.0462586 3.0462586 3.0462586 3.0462586 3.0880663 3.0932235 3.0932235 3.0462586 3.2225277 3.0734050 2.8246863 3.1713737 3.0385331 2.5774674 2.7442388 2.8877309 2.8877309 2.8877309 2.8877309 2.8810096 2.8877309 2.8877309 2.8877309 2.8877309 2.8647554 2.9038024 2.9341364 2.5070591 3.2481286 2.8785380 2.8891842 2.8842951 2.8842951 2.8936724 2.8871425 2.8644518 2.9195991 2.8842951 2.8962403 2.9537445 2.8837202 2.9083330 2.8767707 3.0007324 3.1581873 
61853_0_0017ae_unrelaxed_rank_001_alphafold2_ptm_model_2_seed_000   0.0331442 0.0201549 0.0172383 0.0000000 0.0026434 0.0142872 0.0496135 0.0468855 0.0320502 0.0211254 0.0329686 0.0329686 0.0329686 0.0327036 0.0529887 0.0302551 0.0324455 0.0370859 0.0301237 0.0500184 0.0143597 0.0134112 0.0035274 0.0976640 0.0840210 0.0813540 2.8672843 2.9092675 2.8398229 2.8473399 2.3924256 2.3989273 2.8414252 2.8414252 2.8492732 2.8459788 2.8657321 2.8657321 2.8491887 2.8491887 2.8491887 2.8491887 2.8491887 2.8491887 2.8491887 2.8043525 3.1522449 3.5496848 2.9346636 2.7684814 2.7070610 2.9020968 2.8940364 2.8000784 2.9020968 2.9020968 2.9020968 2.9020968 2.8746562 2.8774535 2.8774535 2.9020968 2.9936270 3.0565504 2.6023164 2.8743141 2.8732665 2.5546710 2.7063070 2.8270742 2.8270742 2.8270742 2.8270742 2.8203097 2.8270742 2.8270742 2.8270742 2.8270742 2.8039956 2.8431070 2.7571695 2.5070591 3.2618317 2.8179474 2.8285525 2.8236821 2.8236821 2.8330321 2.8262675 2.8036686 2.8590731 2.8236821 2.8354390 2.8932784 2.8228544 2.8728864 2.8409673 2.9405519 3.0515616 
81572_0_00269a_unrelaxed_rank_001_alphafold2_ptm_model_2_seed_000   0.0341159 0.0172149 0.0201549 0.0026434 0.0000000 0.0151825 0.0506024 0.0478783 0.0330190 0.0220837 0.0339350 0.0339350 0.0339350 0.0336647 0.0539841 0.0311767 0.0333769 0.0360202 0.0310919 0.0509990 0.0152595 0.0143075 0.0044096 0.0964939 0.0828855 0.0802177 2.8672843 2.9092675 2.8398229 2.8473399 2.3924256 2.3989273 2.8414252 2.8414252 2.8492732 2.8459788 2.8657321 2.8657321 2.8491887 2.8491887 2.8491887 2.8491887 2.8491887 2.8491887 2.8491887 2.8043525 3.1522449 3.5496848 2.9346636 2.7684814 2.7070610 2.9020968 2.8940364 2.8000784 2.9020968 2.9020968 2.9020968 2.9020968 2.8746562 2.8774535 2.8774535 2.9020968 2.9936270 3.0565504 2.6023164 2.8743141 2.8732665 2.5546710 2.7063070 2.8270742 2.8270742 2.8270742 2.8270742 2.8203097 2.8270742 2.8270742 2.8270742 2.8270742 2.8039956 2.8431070 2.7571695 2.5070591 3.2618317 2.8179474 2.8285525 2.8236821 2.8236821 2.8330321 2.8262675 2.8036686 2.8590731 2.8236821 2.8354390 2.8932784 2.8228544 2.8728864 2.8409673 2.9405519 3.0515616 
54180_0_000693_unrelaxed_rank_001_alphafold2_ptm_model_2_seed_000   0.0260975 0.0339350 0.0329686 0.0142872 0.0151825 0.0000000 0.0504366 0.0496267 0.0250382 0.0309619 0.0172489 0.0172489 0.0172489 0.0199485 0.0526884 0.0274937 0.0322665 0.0241174 0.0251237 0.0470675 0.0079982 0.0070823 0.0124693 0.0977705 0.0870811 0.0822525 2.8702679 2.9122513 2.8427885 2.8503117 2.3924256 2.3989273 2.8443925 2.8443925 2.8522458 2.8489490 2.8687119 2.8687119 2.8521627 2.8521627 2.8521627 2.8521627 2.8521627 2.8521627 2.8521627 2.8072980 3.1522449 3.5496848 2.9346636 2.7857442 2.7243992 2.9051424 2.8970751 2.8000784 2.9051424 2.9051424 2.9051424 2.9051424 2.8776842 2.8804837 2.8804837 2.9051424 2.9936270 3.0565504 2.6023164 2.8743141 2.8732665 2.5546710 2.7063070 2.8270742 2.8270742 2.8270742 2.8270742 2.8203097 2.8270742 2.8270742 2.8270742 2.8270742 2.8039956 2.8431070 2.7571695 2.5070591 3.2618317 2.8179474 2.8285525 2.8236821 2.8236821 2.8330321 2.8262675 2.8036686 2.8590731 2.8236821 2.8354390 2.8932784 2.8228544 2.8728864 2.8409673 2.9405519 3.0515616 
37293_0_00212e_unrelaxed_rank_001_alphafold2_ptm_model_2_seed_000   0.0269179 0.0297357 0.0288304 0.0496135 0.0506024 0.0504366 0.0000000 0.0105996 0.0241212 0.0269606 0.0296469 0.0296469 0.0296469 0.0296308 0.0168091 0.0301134 0.0361144 0.0305494 0.0260070 0.0123223 0.0474363 0.0442996 0.0475216 0.0697218 0.0639579 0.0605305 2.9578937 2.9485581 2.9316569 2.9323824 2.3848210 2.3911852 2.9264556 2.9264556 2.9295050 2.9310130 2.9562702 2.9562702 2.9379019 2.9399982 2.9399982 2.9399982 2.9399982 2.9399982 2.9399982 2.9638224 3.3535084 3.7975076 2.9027439 2.9101757 2.9369342 3.0411884 3.0267684 2.9459894 3.0411884 3.0411884 3.0411884 3.0411884 3.0829105 3.0880586 3.0880586 3.0411884 3.2136613 3.0695937 2.8166722 3.1626052 3.0299377 2.5820368 2.7468610 2.8834801 2.8834801 2.8834801 2.8834801 2.8767710 2.8834801 2.8834801 2.8834801 2.8834801 2.8605493 2.8995123 2.9297845 2.5032408 3.2421881 2.8743125 2.8849318 2.8800551 2.8800551 2.8894092 2.8828780 2.8602448 2.9152845 2.8800551 2.8919603 2.9493548 2.8794641 2.9040330 2.8725418 2.9962520 3.1496890 
39432_0_003e4f_unrelaxed_rank_001_alphafold2_ptm_model_2_seed_000   0.0270406 0.0271552 0.0262466 0.0468855 0.0478783 0.0496267 0.0105996 0.0000000 0.0260423 0.0243756 0.0288409 0.0288409 0.0288409 0.0297654 0.0114656 0.0322170 0.0301993 0.0326307 0.0261257 0.0141564 0.0476643 0.0465001 0.0447911 0.0692654 0.0619413 0.0593884 2.9578937 2.9485581 2.9316569 2.9323824 2.3848210 2.3911852 2.9264556 2.9264556 2.9295050 2.9310130 2.9562702 2.9562702 2.9379019 2.9399982 2.9399982 2.9399982 2.9399982 2.9399982 2.9399982 2.9638224 3.3535084 3.7975076 2.9027439 2.9101757 2.9369342 3.0411884 3.0267684 2.9459894 3.0411884 3.0411884 3.0411884 3.0411884 3.0829105 3.0880586 3.0880586 3.0411884 3.2136613 3.0695937 2.8166722 3.1626052 3.0299377 2.5820368 2.7468610 2.8834801 2.8834801 2.8834801 2.8834801 2.8767710 2.8834801 2.8834801 2.8834801 2.8834801 2.8605493 2.8995123 2.9297845 2.5032408 3.2421881 2.8743125 2.8849318 2.8800551 2.8800551 2.8894092 2.8828780 2.8602448 2.9152845 2.8800551 2.8919603 2.9493548 2.8794641 2.9040330 2.8725418 2.9962520 3.1496890 
9541_0_003ddf_unrelaxed_rank_001_alphafold2_ptm_model_2_seed_000    0.0043511 0.0140782 0.0131968 0.0320502 0.0330190 0.0250382 0.0241212 0.0260423 0.0000000 0.0114085 0.0069705 0.0069705 0.0069705 0.0069667 0.0315406 0.0452496 0.0525571 0.0096268 0.0034790 0.0259162 0.0221369 0.0172472 0.0300431 0.0706922 0.0596960 0.0571542 2.9655678 2.9562102 2.9392610 2.9399918 2.3924256 2.3989273 2.9340488 2.9340488 2.9371059 2.9386166 2.9639327 2.9639327 2.9455298 2.9476274 2.9476274 2.9476274 2.9476274 2.9476274 2.9476274 2.9715083 3.3505350 3.8042195 2.9070737 2.9177988 2.9447066 3.0492945 3.0348363 2.9659638 3.0492945 3.0492945 3.0492945 3.0492945 3.0911213 3.0962799 3.0962799 3.0492945 3.2225277 3.0734050 2.8246863 3.1713737 3.0385331 2.5774674 2.7442388 2.8877309 2.8877309 2.8877309 2.8877309 2.8810096 2.8877309 2.8877309 2.8877309 2.8877309 2.8647554 2.9038024 2.9341364 2.5070591 3.2481286 2.8785380 2.8891842 2.8842951 2.8842951 2.8936724 2.8871425 2.8644518 2.9195991 2.8842951 2.8962403 2.9537445 2.8837202 2.9083330 2.8767707 3.0007324 3.1581873 
9606_0_0026b3_unrelaxed_rank_001_alphafold2_ptm_model_2_seed_000    0.0123321 0.0043407 0.0034720 0.0211254 0.0220837 0.0309619 0.0269606 0.0243756 0.0114085 0.0000000 0.0122708 0.0122708 0.0122708 0.0131753 0.0280481 0.0483546 0.0488364 0.0158880 0.0096533 0.0287009 0.0311272 0.0300431 0.0172339 0.0695991 0.0575108 0.0549677 2.9655678 2.9562102 2.9392610 2.9399918 2.3924256 2.3989273 2.9340488 2.9340488 2.9371059 2.9386166 2.9639327 2.9639327 2.9455298 2.9476274 2.9476274 2.9476274 2.9476274 2.9476274 2.9476274 2.9715083 3.3505350 3.8042195 2.9070737 2.9177988 2.9447066 3.0492945 3.0348363 2.9659638 3.0492945 3.0492945 3.0492945 3.0492945 3.0911213 3.0962799 3.0962799 3.0492945 3.2225277 3.0734050 2.8246863 3.1713737 3.0385331 2.5774674 2.7442388 2.8877309 2.8877309 2.8877309 2.8877309 2.8810096 2.8877309 2.8877309 2.8877309 2.8877309 2.8647554 2.9038024 2.9341364 2.5070591 3.2481286 2.8785380 2.8891842 2.8842951 2.8842951 2.8936724 2.8871425 2.8644518 2.9195991 2.8842951 2.8962403 2.9537445 2.8837202 2.9083330 2.8767707 3.0007324 3.1581873 
54180_0_000686_unrelaxed_rank_001_alphafold2_ptm_model_2_seed_000   0.0078712 0.0149390 0.0140590 0.0329686 0.0339350 0.0172489 0.0296469 0.0288409 0.0069705 0.0122708 0.0000000 0.0000010 0.0000010 0.0034728 0.0316150 0.0474738 0.0526884 0.0061074 0.0069930 0.0278634 0.0260975 0.0250382 0.0309619 0.0717988 0.0623769 0.0578673 2.9655678 2.9562102 2.9392610 2.9399918 2.3924256 2.3989273 2.9340488 2.9340488 2.9371059 2.9386166 2.9639327 2.9639327 2.9455298 2.9476274 2.9476274 2.9476274 2.9476274 2.9476274 2.9476274 2.9715083 3.3505350 3.8042195 2.9070737 2.9177988 2.9447066 3.0492945 3.0348363 2.9659638 3.0492945 3.0492945 3.0492945 3.0492945 3.0911213 3.0962799 3.0962799 3.0492945 3.2225277 3.0734050 2.8246863 3.1713737 3.0385331 2.5774674 2.7442388 2.8877309 2.8877309 2.8877309 2.8877309 2.8810096 2.8877309 2.8877309 2.8877309 2.8877309 2.8647554 2.9038024 2.9341364 2.5070591 3.2481286 2.8785380 2.8891842 2.8842951 2.8842951 2.8936724 2.8871425 2.8644518 2.9195991 2.8842951 2.8962403 2.9537445 2.8837202 2.9083330 2.8767707 3.0007324 3.1581873 
61621_0_00389e_unrelaxed_rank_001_alphafold2_ptm_model_2_seed_000   0.0078712 0.0149390 0.0140590 0.0329686 0.0339350 0.0172489 0.0296469 0.0288409 0.0069705 0.0122708 0.0000010 0.0000000 0.0000010 0.0034728 0.0316150 0.0474738 0.0526884 0.0061074 0.0069930 0.0278634 0.0260975 0.0250382 0.0309619 0.0717988 0.0623769 0.0578673 2.9655678 2.9562102 2.9392610 2.9399918 2.3924256 2.3989273 2.9340488 2.9340488 2.9371059 2.9386166 2.9639327 2.9639327 2.9455298 2.9476274 2.9476274 2.9476274 2.9476274 2.9476274 2.9476274 2.9715083 3.3505350 3.8042195 2.9070737 2.9177988 2.9447066 3.0492945 3.0348363 2.9659638 3.0492945 3.0492945 3.0492945 3.0492945 3.0911213 3.0962799 3.0962799 3.0492945 3.2225277 3.0734050 2.8246863 3.1713737 3.0385331 2.5774674 2.7442388 2.8877309 2.8877309 2.8877309 2.8877309 2.8810096 2.8877309 2.8877309 2.8877309 2.8877309 2.8647554 2.9038024 2.9341364 2.5070591 3.2481286 2.8785380 2.8891842 2.8842951 2.8842951 2.8936724 2.8871425 2.8644518 2.9195991 2.8842951 2.8962403 2.9537445 2.8837202 2.9083330 2.8767707 3.0007324 3.1581873 
61622_0_0042ff_unrelaxed_rank_001_alphafold2_ptm_model_2_seed_000   0.0078712 0.0149390 0.0140590 0.0329686 0.0339350 0.0172489 0.0296469 0.0288409 0.0069705 0.0122708 0.0000010 0.0000010 0.0000000 0.0034728 0.0316150 0.0474738 0.0526884 0.0061074 0.0069930 0.0278634 0.0260975 0.0250382 0.0309619 0.0717988 0.0623769 0.0578673 2.9655678 2.9562102 2.9392610 2.9399918 2.3924256 2.3989273 2.9340488 2.9340488 2.9371059 2.9386166 2.9639327 2.9639327 2.9455298 2.9476274 2.9476274 2.9476274 2.9476274 2.9476274 2.9476274 2.9715083 3.3505350 3.8042195 2.9070737 2.9177988 2.9447066 3.0492945 3.0348363 2.9659638 3.0492945 3.0492945 3.0492945 3.0492945 3.0911213 3.0962799 3.0962799 3.0492945 3.2225277 3.0734050 2.8246863 3.1713737 3.0385331 2.5774674 2.7442388 2.8877309 2.8877309 2.8877309 2.8877309 2.8810096 2.8877309 2.8877309 2.8877309 2.8877309 2.8647554 2.9038024 2.9341364 2.5070591 3.2481286 2.8785380 2.8891842 2.8842951 2.8842951 2.8936724 2.8871425 2.8644518 2.9195991 2.8842951 2.8962403 2.9537445 2.8837202 2.9083330 2.8767707 3.0007324 3.1581873 
336983_0_004b77_unrelaxed_rank_001_alphafold2_ptm_model_2_seed_000  0.0078670 0.0158523 0.0149692 0.0327036 0.0336647 0.0199485 0.0296308 0.0297654 0.0069667 0.0131753 0.0034728 0.0034728 0.0034728 0.0000000 0.0334462 0.0469026 0.0532243 0.0061042 0.0069892 0.0268452 0.0248508 0.0238051 0.0307090 0.0743416 0.0634488 0.0589336 2.9642464 2.9548966 2.9379628 2.9386924 2.3924256 2.3989273 2.9327546 2.9327546 2.9358091 2.9373187 2.9626140 2.9626140 2.9442249 2.9463214 2.9463214 2.9463214 2.9463214 2.9463214 2.9463214 2.9701824 3.3475512 3.8235196 2.9070737 2.9145122 2.9520129 3.0478614 3.0334164 2.9586929 3.0478614 3.0478614 3.0478614 3.0478614 3.0896510 3.0948054 3.0948054 3.0478614 3.2308038 3.0734050 2.8326800 3.1616924 3.0385331 2.5774674 2.7442388 2.8877309 2.8877309 2.8877309 2.8877309 2.8810096 2.8877309 2.8877309 2.8877309 2.8877309 2.8647554 2.9038024 2.9341364 2.5070591 3.2481286 2.8785380 2.8891842 2.8842951 2.8842951 2.8936724 2.8871425 2.8644518 2.9195991 2.8842951 2.8962403 2.9537445 2.8837202 2.9083330 2.8767707 3.0007324 3.1581873 
9515_0_003b67_unrelaxed_rank_001_alphafold2_ptm_model_2_seed_000    0.0325616 0.0326991 0.0317868 0.0529887 0.0539841 0.0526884 0.0168091 0.0114656 0.0315406 0.0280481 0.0316150 0.0316150 0.0316150 0.0334462 0.0000000 0.0381628 0.0172378 0.0353477 0.0316409 0.0195382 0.0537444 0.0525571 0.0488364 0.0717226 0.0685723 0.0660404 2.9578937 2.9485581 2.9316569 2.9323824 2.3848210 2.3911852 2.9264556 2.9264556 2.9295050 2.9310130 2.9562702 2.9562702 2.9379019 2.9399982 2.9399982 2.9399982 2.9399982 2.9399982 2.9399982 2.9638224 3.3535084 3.7975076 2.9027439 2.9101757 2.9369342 3.0411884 3.0267684 2.9459894 3.0411884 3.0411884 3.0411884 3.0411884 3.0829105 3.0880586 3.0880586 3.0411884 3.2136613 3.0695937 2.8166722 3.1626052 3.0299377 2.5820368 2.7468610 2.8834801 2.8834801 2.8834801 2.8834801 2.8767710 2.8834801 2.8834801 2.8834801 2.8834801 2.8605493 2.8995123 2.9297845 2.5032408 3.2421881 2.8743125 2.8849318 2.8800551 2.8800551 2.8894092 2.8828780 2.8602448 2.9152845 2.8800551 2.8919603 2.9493548 2.8794641 2.9040330 2.8725418 2.9962520 3.1496890 
9483_0_000596_unrelaxed_rank_001_alphafold2_ptm_model_2_seed_000    0.0483881 0.0514278 0.0504418 0.0302551 0.0311767 0.0274937 0.0301134 0.0322170 0.0452496 0.0483546 0.0474738 0.0474738 0.0474738 0.0469026 0.0381628 0.0000000 0.0189406 0.0515159 0.0473848 0.0170620 0.0283691 0.0255101 0.0283484 0.0950546 0.0867173 0.0854770 2.8625268 2.9122189 2.8351281 2.8426260 2.3848210 2.3911852 2.8367258 2.8367258 2.8445556 2.8412691 2.8609825 2.8609825 2.8444690 2.8444690 2.8444690 2.8444690 2.8444690 2.8444690 2.8444690 2.7997333 3.1551411 3.5292173 2.9134384 2.7782304 2.7168806 2.8971958 2.8891568 2.7804510 2.8971958 2.8971958 2.8971958 2.8971958 2.8698184 2.8726085 2.8726085 2.8971958 2.9849737 3.0218062 2.5753771 2.8461637 2.8647840 2.5045324 2.6810821 2.7941847 2.7941847 2.7941847 2.7941847 2.7874947 2.7941847 2.7941847 2.7941847 2.7941847 2.7713805 2.8099639 2.7941847 2.5032408 3.2558516 2.7852248 2.7956552 2.7908650 2.7908650 2.8000654 2.7932697 2.7710455 2.8257918 2.7908650 2.8023468 2.8595270 2.7899109 2.8393183 2.8078559 2.9062558 3.0102096 
9515_0_003ba4_unrelaxed_rank_001_alphafold2_ptm_model_2_seed_000    0.0537444 0.0539841 0.0529887 0.0324455 0.0333769 0.0322665 0.0361144 0.0301993 0.0525571 0.0488364 0.0526884 0.0526884 0.0526884 0.0532243 0.0172378 0.0189406 0.0000000 0.0568244 0.0527317 0.0378169 0.0332337 0.0321891 0.0286265 0.0974605 0.0940029 0.0913439 2.8625268 2.9122189 2.8351281 2.8426260 2.3848210 2.3911852 2.8367258 2.8367258 2.8445556 2.8412691 2.8609825 2.8609825 2.8444690 2.8444690 2.8444690 2.8444690 2.8444690 2.8444690 2.8444690 2.7997333 3.1551411 3.5292173 2.9134384 2.7782304 2.7168806 2.8971958 2.8891568 2.7804510 2.8971958 2.8971958 2.8971958 2.8971958 2.8698184 2.8726085 2.8726085 2.8971958 2.9849737 3.0218062 2.5753771 2.8461637 2.8647840 2.5045324 2.6810821 2.7941847 2.7941847 2.7941847 2.7941847 2.7874947 2.7941847 2.7941847 2.7941847 2.7941847 2.7713805 2.8099639 2.7941847 2.5032408 3.2558516 2.7852248 2.7956552 2.7908650 2.7908650 2.8000654 2.7932697 2.7710455 2.8257918 2.7908650 2.8023468 2.8595270 2.7899109 2.8393183 2.8078559 2.9062558 3.0102096 
591936_0_003475_unrelaxed_rank_001_alphafold2_ptm_model_3_seed_000  0.0105412 0.0167701 0.0176975 0.0370859 0.0360202 0.0241174 0.0305494 0.0326307 0.0096268 0.0158880 0.0061074 0.0061074 0.0061074 0.0061042 0.0353477 0.0515159 0.0568244 0.0000000 0.0096568 0.0315286 0.0291091 0.0280350 0.0350574 0.0754581 0.0636444 0.0591166 2.9862222 2.9768031 2.9597202 2.9604657 2.4131102 2.4199812 2.9544780 2.9544780 2.9575562 2.9590746 2.9845552 2.9845552 2.9660547 2.9681566 2.9681566 2.9681566 2.9681566 2.9681566 2.9681566 2.9921965 3.3759056 3.8332239 2.8836765 2.9383071 2.9656235 3.0711469 3.0565795 2.9872644 3.0711469 3.0711469 3.0711469 3.0711469 3.1132784 3.1184681 3.1184681 3.0711469 3.1975925 3.0976726 2.8462478 3.1950950 3.0617043 2.5971699 2.7653215 2.9095867 2.9095867 2.9095867 2.9095867 2.9028238 2.9095867 2.9095867 2.9095867 2.9095867 2.8864522 2.9258101 2.9563671 2.5279206 3.2773562 2.9002916 2.9110434 2.9061058 2.9061058 2.9155731 2.9090705 2.8861542 2.9416835 2.9061058 2.9182192 2.9761080 2.9056157 2.8851010 2.8985484 3.0234153 3.1831348 
9531_0_00370d_unrelaxed_rank_001_alphafold2_ptm_model_3_seed_000    0.0026036 0.0123186 0.0114371 0.0301237 0.0310919 0.0251237 0.0260070 0.0261257 0.0034790 0.0096533 0.0069930 0.0069930 0.0069930 0.0069892 0.0316409 0.0473848 0.0527317 0.0096568 0.0000000 0.0278092 0.0201725 0.0211689 0.0281195 0.0709083 0.0581843 0.0568058 2.9655678 2.9562102 2.9392610 2.9399918 2.3924256 2.3989273 2.9340488 2.9340488 2.9371059 2.9386166 2.9639327 2.9639327 2.9455298 2.9476274 2.9476274 2.9476274 2.9476274 2.9476274 2.9476274 2.9715083 3.3505350 3.8042195 2.9070737 2.9177988 2.9447066 3.0492945 3.0348363 2.9659638 3.0492945 3.0492945 3.0492945 3.0492945 3.0911213 3.0962799 3.0962799 3.0492945 3.2225277 3.0734050 2.8246863 3.1713737 3.0385331 2.5774674 2.7442388 2.8877309 2.8877309 2.8877309 2.8877309 2.8810096 2.8877309 2.8877309 2.8877309 2.8877309 2.8647554 2.9038024 2.9341364 2.5070591 3.2481286 2.8785380 2.8891842 2.8842951 2.8842951 2.8936724 2.8871425 2.8644518 2.9195991 2.8842951 2.8962403 2.9537445 2.8837202 2.9083330 2.8767707 3.0007324 3.1581873 
9483_0_000464_unrelaxed_rank_001_alphafold2_ptm_model_3_seed_000    0.0287213 0.0314750 0.0305713 0.0500184 0.0509990 0.0470675 0.0123223 0.0141564 0.0259162 0.0287009 0.0278634 0.0278634 0.0278634 0.0268452 0.0195382 0.0170620 0.0378169 0.0315286 0.0278092 0.0000000 0.0479769 0.0448580 0.0479437 0.0705607 0.0629358 0.0616188 2.9565790 2.9472510 2.9303652 2.9310895 2.3848210 2.3911852 2.9251679 2.9251679 2.9282148 2.9297216 2.9549581 2.9549581 2.9366035 2.9386986 2.9386986 2.9386986 2.9386986 2.9386986 2.9386986 2.9625030 3.3505244 3.8167656 2.9027439 2.9068999 2.9442235 3.0397624 3.0253555 2.9387594 3.0397624 3.0397624 3.0397624 3.0397624 3.0814474 3.0865914 3.0865914 3.0397624 3.2219199 3.0695937 2.8246466 3.1529443 3.0299377 2.5820368 2.7468610 2.8834801 2.8834801 2.8834801 2.8834801 2.8767710 2.8834801 2.8834801 2.8834801 2.8834801 2.8605493 2.8995123 2.9297845 2.5032408 3.2421881 2.8743125 2.8849318 2.8800551 2.8800551 2.8894092 2.8828780 2.8602448 2.9152845 2.8800551 2.8919603 2.9493548 2.8794641 2.9040330 2.8725418 2.9962520 3.1496890 
60711_0_004e85_unrelaxed_rank_001_alphafold2_ptm_model_3_seed_000   0.0172297 0.0341159 0.0331442 0.0143597 0.0152595 0.0079982 0.0474363 0.0476643 0.0221369 0.0311272 0.0260975 0.0260975 0.0260975 0.0248508 0.0537444 0.0283691 0.0332337 0.0291091 0.0201725 0.0479769 0.0000000 0.0044207 0.0125326 0.0991613 0.0847238 0.0834056 2.8702679 2.9122513 2.8427885 2.8503117 2.3924256 2.3989273 2.8443925 2.8443925 2.8522458 2.8489490 2.8687119 2.8687119 2.8521627 2.8521627 2.8521627 2.8521627 2.8521627 2.8521627 2.8521627 2.8072980 3.1522449 3.5496848 2.9346636 2.7857442 2.7243992 2.9051424 2.8970751 2.8000784 2.9051424 2.9051424 2.9051424 2.9051424 2.8776842 2.8804837 2.8804837 2.9051424 2.9936270 3.0565504 2.6023164 2.8743141 2.8732665 2.5546710 2.7063070 2.8270742 2.8270742 2.8270742 2.8270742 2.8203097 2.8270742 2.8270742 2.8270742 2.8270742 2.8039956 2.8431070 2.7571695 2.5070591 3.2618317 2.8179474 2.8285525 2.8236821 2.8236821 2.8330321 2.8262675 2.8036686 2.8590731 2.8236821 2.8354390 2.8932784 2.8228544 2.8728864 2.8409673 2.9405519 3.0515616 
9541_0_003d5f_unrelaxed_rank_001_alphafold2_ptm_model_3_seed_000    0.0221369 0.0330190 0.0320502 0.0134112 0.0143075 0.0070823 0.0442996 0.0465001 0.0172472 0.0300431 0.0250382 0.0250382 0.0250382 0.0238051 0.0525571 0.0255101 0.0321891 0.0280350 0.0211689 0.0448580 0.0044207 0.0000000 0.0115933 0.0964991 0.0841735 0.0815093 2.8702679 2.9122513 2.8427885 2.8503117 2.3924256 2.3989273 2.8443925 2.8443925 2.8522458 2.8489490 2.8687119 2.8687119 2.8521627 2.8521627 2.8521627 2.8521627 2.8521627 2.8521627 2.8521627 2.8072980 3.1522449 3.5496848 2.9346636 2.7857442 2.7243992 2.9051424 2.8970751 2.8000784 2.9051424 2.9051424 2.9051424 2.9051424 2.8776842 2.8804837 2.8804837 2.9051424 2.9936270 3.0565504 2.6023164 2.8743141 2.8732665 2.5546710 2.7063070 2.8270742 2.8270742 2.8270742 2.8270742 2.8203097 2.8270742 2.8270742 2.8270742 2.8270742 2.8039956 2.8431070 2.7571695 2.5070591 3.2618317 2.8179474 2.8285525 2.8236821 2.8236821 2.8330321 2.8262675 2.8036686 2.8590731 2.8236821 2.8354390 2.8932784 2.8228544 2.8728864 2.8409673 2.9405519 3.0515616 
9606_0_00253e_unrelaxed_rank_001_alphafold2_ptm_model_3_seed_000    0.0311272 0.0220837 0.0211254 0.0035274 0.0044096 0.0124693 0.0475216 0.0447911 0.0300431 0.0172339 0.0309619 0.0309619 0.0309619 0.0307090 0.0488364 0.0283484 0.0286265 0.0350574 0.0281195 0.0479437 0.0125326 0.0115933 0.0000000 0.0953257 0.0817562 0.0790883 2.8702679 2.9122513 2.8427885 2.8503117 2.3924256 2.3989273 2.8443925 2.8443925 2.8522458 2.8489490 2.8687119 2.8687119 2.8521627 2.8521627 2.8521627 2.8521627 2.8521627 2.8521627 2.8521627 2.8072980 3.1522449 3.5496848 2.9346636 2.7857442 2.7243992 2.9051424 2.8970751 2.8000784 2.9051424 2.9051424 2.9051424 2.9051424 2.8776842 2.8804837 2.8804837 2.9051424 2.9936270 3.0565504 2.6023164 2.8743141 2.8732665 2.5546710 2.7063070 2.8270742 2.8270742 2.8270742 2.8270742 2.8203097 2.8270742 2.8270742 2.8270742 2.8270742 2.8039956 2.8431070 2.7571695 2.5070591 3.2618317 2.8179474 2.8285525 2.8236821 2.8236821 2.8330321 2.8262675 2.8036686 2.8590731 2.8236821 2.8354390 2.8932784 2.8228544 2.8728864 2.8409673 2.9405519 3.0515616 
30611_0_002de8_unrelaxed_rank_001_alphafold2_ptm_model_2_seed_000   0.0730526 0.0706475 0.0717046 0.0976640 0.0964939 0.0977705 0.0697218 0.0692654 0.0706922 0.0695991 0.0717988 0.0717988 0.0717988 0.0743416 0.0717226 0.0950546 0.0974605 0.0754581 0.0709083 0.0705607 0.0991613 0.0964991 0.0953257 0.0000000 0.0562806 0.0592451 2.9403571 2.9310640 2.9142599 2.9149739 2.3666589 2.3727088 2.9090793 2.9090793 2.9121137 2.9136165 2.9387587 2.9387587 2.9204554 2.9225499 2.9225499 2.9225499 2.9225499 2.9225499 2.9225499 2.9462631 3.3531553 3.8009065 2.9081303 2.8927189 2.9191584 3.0227230 3.0083815 2.9628005 3.0227230 3.0227230 3.0227230 3.0227230 3.0642292 3.0693560 3.0693560 3.0227230 3.1935367 3.0671382 2.7982317 3.1426899 3.0103529 2.5821833 2.7464928 2.8887885 2.8887885 2.8887885 2.8887885 2.8820712 2.8887885 2.8887885 2.8887885 2.8887885 2.8658258 2.9048528 2.9351697 2.5083923 3.2491161 2.8795988 2.8902407 2.8853536 2.8853536 2.8947268 2.8882041 2.8655227 2.9206388 2.8853536 2.8972961 2.9547660 2.8847833 2.9093810 2.8778343 3.0017249 3.1577922 
379532_0_000d8d_unrelaxed_rank_001_alphafold2_ptm_model_2_seed_000  0.0602636 0.0585227 0.0595451 0.0840210 0.0828855 0.0870811 0.0639579 0.0619413 0.0596960 0.0575108 0.0623769 0.0623769 0.0623769 0.0634488 0.0685723 0.0867173 0.0940029 0.0636444 0.0581843 0.0629358 0.0847238 0.0841735 0.0817562 0.0562806 0.0000000 0.0204676 2.9578937 2.9485581 2.9316569 2.9323824 2.3848210 2.3911852 2.9264556 2.9264556 2.9295050 2.9310130 2.9562702 2.9562702 2.9379019 2.9399982 2.9399982 2.9399982 2.9399982 2.9399982 2.9399982 2.9638224 3.3535084 3.7975076 2.9027439 2.9101757 2.9369342 3.0411884 3.0267684 2.9459894 3.0411884 3.0411884 3.0411884 3.0411884 3.0829105 3.0880586 3.0880586 3.0411884 3.2136613 3.0695937 2.8166722 3.1626052 3.0299377 2.5820368 2.7468610 2.8834801 2.8834801 2.8834801 2.8834801 2.8767710 2.8834801 2.8834801 2.8834801 2.8834801 2.8605493 2.8995123 2.9297845 2.5032408 3.2421881 2.8743125 2.8849318 2.8800551 2.8800551 2.8894092 2.8828780 2.8602448 2.9152845 2.8800551 2.8919603 2.9493548 2.8794641 2.9040330 2.8725418 2.9962520 3.1496890 
9447_0_002d76_unrelaxed_rank_001_alphafold2_ptm_model_1_seed_000    0.0588948 0.0559800 0.0570031 0.0813540 0.0802177 0.0822525 0.0605305 0.0593884 0.0571542 0.0549677 0.0578673 0.0578673 0.0578673 0.0589336 0.0660404 0.0854770 0.0913439 0.0591166 0.0568058 0.0616188 0.0834056 0.0815093 0.0790883 0.0592451 0.0204676 0.0000000 2.9655678 2.9562102 2.9392610 2.9399918 2.3924256 2.3989273 2.9340488 2.9340488 2.9371059 2.9386166 2.9639327 2.9639327 2.9455298 2.9476274 2.9476274 2.9476274 2.9476274 2.9476274 2.9476274 2.9715083 3.3505350 3.8042195 2.9070737 2.9177988 2.9447066 3.0492945 3.0348363 2.9659638 3.0492945 3.0492945 3.0492945 3.0492945 3.0911213 3.0962799 3.0962799 3.0492945 3.2225277 3.0734050 2.8246863 3.1713737 3.0385331 2.5774674 2.7442388 2.8877309 2.8877309 2.8877309 2.8877309 2.8810096 2.8877309 2.8877309 2.8877309 2.8877309 2.8647554 2.9038024 2.9341364 2.5070591 3.2481286 2.8785380 2.8891842 2.8842951 2.8842951 2.8936724 2.8871425 2.8644518 2.9195991 2.8842951 2.8962403 2.9537445 2.8837202 2.9083330 2.8767707 3.0007324 3.1581873 
37293_0_0039cd_unrelaxed_rank_001_alphafold2_ptm_model_2_seed_000   2.9655678 2.9626552 2.9626552 2.8672843 2.8672843 2.8702679 2.9578937 2.9578937 2.9655678 2.9655678 2.9655678 2.9655678 2.9655678 2.9642464 2.9578937 2.8625268 2.8625268 2.9862222 2.9655678 2.9565790 2.8702679 2.8702679 2.8702679 2.9403571 2.9578937 2.9655678 0.0000000 0.0076138 0.0134516 0.0095294 0.0483097 0.0127693 0.0055573 0.0055573 0.0111865 0.0093064 0.0055574 0.0055574 0.0055588 0.0037002 0.0037002 0.0037002 0.0037002 0.0037002 0.0037002 0.0168632 3.8408265 4.0728285 3.2172025 0.6531292 0.4556633 0.0307059 0.0329260 0.7691566 0.0307059 0.0307059 0.0307059 0.0307059 0.0419081 0.0374099 0.0374343 0.0306857 1.3584384 2.7151159 1.4013861 1.3082568 1.2816433 1.7600434 3.0617233 3.0779003 3.0779003 3.0779003 3.0779003 3.0709019 3.0779003 3.0779003 3.0779003 3.0779003 3.1138761 3.1048597 3.1219536 2.8946017 3.7107127 3.0807910 3.0935439 3.0909156 3.0937681 3.1010316 3.1029850 3.0811302 3.1193072 3.0909156 3.0938557 3.1344439 3.0939121 3.1371443 3.1046006 3.0189488 3.1862157 
9531_0_0044e9_unrelaxed_rank_001_alphafold2_ptm_model_2_seed_000    2.9562102 2.9533017 2.9533017 2.9092675 2.9092675 2.9122513 2.9485581 2.9485581 2.9562102 2.9562102 2.9562102 2.9562102 2.9562102 2.9548966 2.9485581 2.9122189 2.9122189 2.9768031 2.9562102 2.9472510 2.9122513 2.9122513 2.9122513 2.9310640 2.9485581 2.9562102 0.0076138 0.0000000 0.0095046 0.0056561 0.0181070 0.0076456 0.0057057 0.0057057 0.0114868 0.0095559 0.0057058 0.0057058 0.0057074 0.0037990 0.0037990 0.0037990 0.0037990 0.0037990 0.0037990 0.0192766 3.8230018 4.9750909 4.2551658 0.6545417 0.4547127 0.0285063 0.0307234 0.7630429 0.0285063 0.0285063 0.0285063 0.0285063 0.0419536 0.0374512 0.0352224 0.0307205 1.3647577 2.8986454 1.4270518 1.3808630 1.2877877 1.9284697 3.9600006 3.9932820 3.9867072 3.9918142 3.9867072 3.9793367 3.9932820 3.9932820 3.9932820 3.9932820 4.0350114 3.8839742 4.0051160 2.8943151 3.7033965 3.9952154 4.0105870 4.0067918 4.0098101 4.0190747 4.0217273 3.9971022 4.0386282 4.0067918 4.0096234 4.0555836 4.0116423 4.0367988 4.0056443 3.8946930 4.0435845 
1868482_0_004542_unrelaxed_rank_001_alphafold2_ptm_model_3_seed_000 2.9392610 2.9363628 2.9363628 2.8398229 2.8398229 2.8427885 2.9316569 2.9316569 2.9392610 2.9392610 2.9392610 2.9392610 2.9392610 2.9379628 2.9316569 2.8351281 2.8351281 2.9597202 2.9392610 2.9303652 2.8427885 2.8427885 2.8427885 2.9142599 2.9316569 2.9392610 0.0134516 0.0095046 0.0000000 0.0114201 0.0234561 0.0128484 0.0115209 0.0115209 0.0134530 0.0115115 0.0115208 0.0115208 0.0115240 0.0095884 0.0095884 0.0095884 0.0095884 0.0095884 0.0095884 0.0213777 3.8223443 4.0311815 3.1967489 0.6756058 0.4633150 0.0353848 0.0376279 0.7701729 0.0353848 0.0353848 0.0353848 0.0353848 0.0490013 0.0444420 0.0421884 0.0376231 1.3692393 2.7424302 1.4165988 1.3333476 1.2911679 1.7980521 3.0546545 3.0708857 3.0708857 3.0708857 3.0708857 3.0638943 3.0708857 3.0708857 3.0708857 3.0708857 3.1068054 3.0978029 3.1148648 2.8738468 3.7284510 3.0737839 3.0865123 3.0838933 3.0867431 3.0939881 3.0959370 3.0741141 3.1122569 3.0838933 3.0868323 3.1273705 3.0868765 3.1300323 3.0975333 3.0120262 3.1391148 
9601_0_0049b8_unrelaxed_rank_001_alphafold2_ptm_model_3_seed_000    2.9399918 2.9370919 2.9370919 2.8473399 2.8473399 2.8503117 2.9323824 2.9323824 2.9399918 2.9399918 2.9399918 2.9399918 2.9399918 2.9386924 2.9323824 2.8426260 2.8426260 2.9604657 2.9399918 2.9310895 2.8503117 2.8503117 2.8503117 2.9149739 2.9323824 2.9399918 0.0095294 0.0056561 0.0114201 0.0000000 0.0181070 0.0076456 0.0037990 0.0037990 0.0057206 0.0038071 0.0076175 0.0076175 0.0057039 0.0057057 0.0057057 0.0057057 0.0057057 0.0057057 0.0057057 0.0212320 3.8342278 4.0420677 3.2421444 0.6559178 0.4554261 0.0307234 0.0285074 0.7666219 0.0307234 0.0307234 0.0307234 0.0307234 0.0419324 0.0396889 0.0374559 0.0329414 1.3647577 2.7287182 1.4120011 1.3103424 1.2962208 1.7863497 3.0615112 3.0776956 3.0776956 3.0776956 3.0776956 3.0706949 3.0776956 3.0776956 3.0776956 3.0776956 3.1136830 3.1046636 3.1217628 2.8943151 3.7033965 3.0805876 3.0933444 3.0907155 3.0935689 3.1008345 3.1027885 3.0809267 3.1191165 3.0907155 3.0936566 3.1342581 3.0937126 3.1369585 3.1044041 3.0187259 3.1786798 
336983_0_0046da_unrelaxed_rank_001_alphafold2_ptm_model_4_seed_000  2.3924256 2.3924256 2.3924256 2.3924256 2.3924256 2.3924256 2.3848210 2.3848210 2.3924256 2.3924256 2.3924256 2.3924256 2.3924256 2.3924256 2.3848210 2.3848210 2.3848210 2.4131102 2.3924256 2.3848210 2.3924256 2.3924256 2.3924256 2.3666589 2.3848210 2.3924256 0.0483097 0.0181070 0.0234561 0.0181070 0.0000000 0.0076456 0.0428978 0.0428978 0.0428978 0.0428978 0.0428978 0.0428978 0.0428978 0.0428978 0.0428978 0.0428978 0.0428978 0.0428978 0.0428978 0.0483064 2.8912932 3.3281504 3.0043489 0.3866014 0.2341312 0.0182117 0.0182117 0.5173664 0.0182117 0.0182117 0.0182117 0.0182117 0.0208411 0.0208411 0.0182117 0.0208411 0.9837237 2.4344193 0.9593960 0.8385499 0.9242905 1.5908412 2.9070346 2.9182193 2.9182193 2.9182193 2.9182193 2.9105310 2.9182193 2.9182193 2.9182193 2.9182193 2.9573065 2.9475054 2.9182193 2.9182193 3.7346339 2.9098955 2.9235857 2.9208747 2.9208747 2.9125355 2.9287406 2.9100463 2.9505286 2.9208747 2.9382609 2.9669929 2.9310905 2.9849941 2.9493538 2.9164096 2.9434575 
61622_0_005267_unrelaxed_rank_001_alphafold2_ptm_model_4_seed_000   2.3989273 2.3989273 2.3989273 2.3989273 2.3989273 2.3989273 2.3911852 2.3911852 2.3989273 2.3989273 2.3989273 2.3989273 2.3989273 2.3989273 2.3911852 2.3911852 2.3911852 2.4199812 2.3989273 2.3911852 2.3989273 2.3989273 2.3989273 2.3727088 2.3911852 2.3989273 0.0127693 0.0076456 0.0128484 0.0076456 0.0076456 0.0000000 0.0076456 0.0076456 0.0076456 0.0076456 0.0076456 0.0076456 0.0076456 0.0076456 0.0076456 0.0076456 0.0076456 0.0076456 0.0076456 0.0127697 2.8353572 3.2383050 2.9424099 0.3774256 0.2253661 0.0103476 0.0103476 0.5013873 0.0103476 0.0103476 0.0103476 0.0103476 0.0129526 0.0129526 0.0103476 0.0129526 0.9615514 2.4118852 0.9436453 0.8209769 0.9052299 1.5294231 2.8826430 2.8941927 2.8941927 2.8941927 2.8941927 2.8864503 2.8941927 2.8941927 2.8941927 2.8941927 2.9320463 2.9236387 2.8941927 2.8941927 3.7075976 2.8892789 2.8995706 2.8968650 2.8968650 2.8919564 2.9033363 2.8859481 2.9252886 2.8968650 2.9129405 2.9418361 2.9057045 2.9612818 2.9254173 2.8923872 3.0267742 
9597_0_004d4d_unrelaxed_rank_001_alphafold2_ptm_model_3_seed_000    2.9340488 2.9311523 2.9311523 2.8414252 2.8414252 2.8443925 2.9264556 2.9264556 2.9340488 2.9340488 2.9340488 2.9340488 2.9340488 2.9327546 2.9264556 2.8367258 2.8367258 2.9544780 2.9340488 2.9251679 2.8443925 2.8443925 2.8443925 2.9090793 2.9264556 2.9340488 0.0055573 0.0057057 0.0115209 0.0037990 0.0428978 0.0076456 0.0000000 0.0000010 0.0055684 0.0037060 0.0036975 0.0036975 0.0036985 0.0018464 0.0018464 0.0018464 0.0018464 0.0018464 0.0018464 0.0168604 3.8362546 4.0669260 3.2344167 0.6561201 0.4555653 0.0285087 0.0262963 0.7657311 0.0285087 0.0285087 0.0285087 0.0285087 0.0419596 0.0374559 0.0352265 0.0307234 1.3647577 2.7287182 1.4107478 1.3202748 1.2985206 1.7863497 3.0615112 3.0776956 3.0776956 3.0776956 3.0776956 3.0706949 3.0776956 3.0776956 3.0776956 3.0776956 3.1136830 3.1046636 3.1217628 2.8943151 3.7033965 3.0805876 3.0933444 3.0907155 3.0935689 3.1008345 3.1027885 3.0809267 3.1191165 3.0907155 3.0936566 3.1342581 3.0937126 3.1369585 3.1044041 3.0187259 3.1732214 
9598_0_004c81_unrelaxed_rank_001_alphafold2_ptm_model_3_seed_000    2.9340488 2.9311523 2.9311523 2.8414252 2.8414252 2.8443925 2.9264556 2.9264556 2.9340488 2.9340488 2.9340488 2.9340488 2.9340488 2.9327546 2.9264556 2.8367258 2.8367258 2.9544780 2.9340488 2.9251679 2.8443925 2.8443925 2.8443925 2.9090793 2.9264556 2.9340488 0.0055573 0.0057057 0.0115209 0.0037990 0.0428978 0.0076456 0.0000010 0.0000000 0.0055684 0.0037060 0.0036975 0.0036975 0.0036985 0.0018464 0.0018464 0.0018464 0.0018464 0.0018464 0.0018464 0.0168604 3.8362546 4.0669260 3.2344167 0.6561201 0.4555653 0.0285087 0.0262963 0.7657311 0.0285087 0.0285087 0.0285087 0.0285087 0.0419596 0.0374559 0.0352265 0.0307234 1.3647577 2.7287182 1.4107478 1.3202748 1.2985206 1.7863497 3.0615112 3.0776956 3.0776956 3.0776956 3.0776956 3.0706949 3.0776956 3.0776956 3.0776956 3.0776956 3.1136830 3.1046636 3.1217628 2.8943151 3.7033965 3.0805876 3.0933444 3.0907155 3.0935689 3.1008345 3.1027885 3.0809267 3.1191165 3.0907155 3.0936566 3.1342581 3.0937126 3.1369585 3.1044041 3.0187259 3.1732214 
61853_0_002c59_unrelaxed_rank_001_alphafold2_ptm_model_3_seed_000   2.9371059 2.9342079 2.9342079 2.8492732 2.8492732 2.8522458 2.9295050 2.9295050 2.9371059 2.9371059 2.9371059 2.9371059 2.9371059 2.9358091 2.9295050 2.8445556 2.8445556 2.9575562 2.9371059 2.9282148 2.8522458 2.8522458 2.8522458 2.9121137 2.9295050 2.9371059 0.0111865 0.0114868 0.0134530 0.0057206 0.0428978 0.0076456 0.0055684 0.0055684 0.0000000 0.0018497 0.0093037 0.0093037 0.0074313 0.0074336 0.0074336 0.0074336 0.0074336 0.0074336 0.0074336 0.0226245 3.8330210 4.0514412 3.2295510 0.6586379 0.4575193 0.0352685 0.0330385 0.7700221 0.0352685 0.0352685 0.0352685 0.0352685 0.0465559 0.0442972 0.0420504 0.0374999 1.3580290 2.7082255 1.4188984 1.3089442 1.2963612 1.8097349 3.0743574 3.0920294 3.0920294 3.0920294 3.0920294 3.0850007 3.0920294 3.0920294 3.0920294 3.0920294 3.1282011 3.1191360 3.1363332 2.8943151 3.7442455 3.0949118 3.1077436 3.1050905 3.1079547 3.1152724 3.1172392 3.0952700 3.1336031 3.1050905 3.1080394 3.1488202 3.1081207 3.1500051 3.1173181 3.0327530 3.1903417 
81572_0_004b19_unrelaxed_rank_001_alphafold2_ptm_model_3_seed_000   2.9386166 2.9357183 2.9357183 2.8459788 2.8459788 2.8489490 2.9310130 2.9310130 2.9386166 2.9386166 2.9386166 2.9386166 2.9386166 2.9373187 2.9310130 2.8412691 2.8412691 2.9590746 2.9386166 2.9297216 2.8489490 2.8489490 2.8489490 2.9136165 2.9310130 2.9386166 0.0093064 0.0095559 0.0115115 0.0038071 0.0428978 0.0076456 0.0037060 0.0037060 0.0018497 0.0000000 0.0074304 0.0074304 0.0055641 0.0055658 0.0055658 0.0055658 0.0055658 0.0055658 0.0055658 0.0207049 3.8443434 4.0526208 3.2451377 0.6579519 0.4591505 0.0330257 0.0308003 0.7696311 0.0330257 0.0330257 0.0330257 0.0330257 0.0442858 0.0420323 0.0397900 0.0352528 1.3621303 2.7090540 1.4092767 1.3123641 1.2962208 1.8026779 3.0746237 3.0907343 3.0907343 3.0907343 3.0907343 3.0837091 3.0907343 3.0907343 3.0907343 3.0907343 3.1268844 3.1178246 3.1350106 2.8943151 3.7220102 3.0936171 3.1064404 3.1037899 3.1066527 3.1139647 3.1159301 3.0939736 3.1322884 3.1037899 3.1067377 3.1474966 3.1068167 3.1502729 3.1175843 3.0314933 3.1732214 
1737458_0_000660_unrelaxed_rank_001_alphafold2_ptm_model_3_seed_000 2.9639327 2.9610238 2.9610238 2.8657321 2.8657321 2.8687119 2.9562702 2.9562702 2.9639327 2.9639327 2.9639327 2.9639327 2.9639327 2.9626140 2.9562702 2.8609825 2.8609825 2.9845552 2.9639327 2.9549581 2.8687119 2.8687119 2.8687119 2.9387587 2.9562702 2.9639327 0.0055574 0.0057058 0.0115208 0.0076175 0.0428978 0.0076456 0.0036975 0.0036975 0.0093037 0.0074304 0.0000000 0.0000010 0.0036986 0.0018465 0.0018465 0.0018465 0.0018465 0.0018465 0.0018465 0.0150029 3.8249529 4.0664373 3.2362801 0.6547427 0.4496054 0.0285063 0.0307234 0.7632881 0.0285063 0.0285063 0.0285063 0.0285063 0.0419536 0.0374512 0.0352224 0.0307205 1.3647577 2.7287182 1.4079275 1.3187705 1.2877877 1.7863497 3.0671018 3.0832480 3.0832480 3.0832480 3.0832480 3.0762398 3.0832480 3.0832480 3.0832480 3.0832480 3.1192892 3.1102565 3.1273853 2.8943151 3.7109535 3.0861349 3.0989145 3.0962775 3.0991337 3.1064160 3.1083739 3.0864812 3.1247079 3.0962775 3.0992203 3.1398713 3.0992860 3.1426027 3.1100053 3.0241874 3.1732214 
