119
9606_0_000414    0.0000000 1.0993418 2.1767615 2.4890244 2.6464309 0.9757172 1.4958882 3.9026619 0.7380086 0.6724303 2.1014732 1.0136020 2.1280101 0.5560128 1.0652005 2.8253271 2.6318191 2.7154190 2.7088583 2.6980098 2.5954550 2.6661839 2.6833624 2.6812915 2.6884579 2.7064319 2.7037896 2.7037896 2.7037896 2.4703856 2.6944995 2.6946355 2.7136661 2.7037896 2.6981096 2.7037896 2.7037896 2.5989849 2.7037896 2.6812915 2.7037896 2.7037896 2.7051401 2.7297388 2.7037896 2.7051401 2.6888554 2.1865320 2.1935656 2.1935656 2.1935656 2.1935656 2.1935656 2.1935656 2.1014732 2.1014732 2.1935656 2.1014732 2.1935656 2.1935656 2.1014732 2.1014732 2.1935656 2.1935656 2.1935656 2.1014732 2.2018900 2.1935656 2.1935656 2.1935656 2.2018900 2.2088002 2.1907150 2.1014732 2.1935656 2.1014732 2.1907150 2.1935656 2.1014732 2.1935656 2.1935656 2.1935656 2.1935656 2.1935656 2.1935656 2.1014732 2.1935656 2.1014732 2.1935656 2.1907150 1.0641013 1.0614862 1.0624000 1.0614246 1.0532190 1.0563682 1.0612740 1.0650833 1.0650833 1.0612740 1.0612740 1.0612740 1.0612740 1.0652005 1.0612740 1.0652005 1.0621875 1.0602999 1.0612740 1.0650833 1.0612740 1.0612740 1.0612740 1.0612740 1.0612740 1.0612740 1.0612740 0.8403621 0.8703927 
9606_0_000615    1.0993418 0.0000000 2.3146227 2.6936373 2.8410525 0.4793207 1.4268701 4.1582232 1.0999834 1.0081975 2.2069215 0.5521267 2.0013453 0.8874740 0.6617049 3.1273100 3.0052249 2.8526777 2.8867304 2.8645962 2.8418656 2.7811660 2.8002577 2.8180188 2.8229859 2.8256797 2.8358051 2.8358051 2.8358051 2.4944470 2.8382237 2.8180975 2.8457950 2.8358051 2.8241186 2.8358051 2.8358051 2.7983882 2.8358051 2.8180188 2.8358051 2.8358051 2.8366582 2.8674758 2.8358051 2.8275590 2.8349525 2.2850566 2.2730170 2.2730170 2.2730170 2.2730170 2.2730170 2.2730170 2.2069215 2.2089920 2.2750276 2.2089920 2.2750276 2.2730170 2.2069215 2.2069215 2.2730170 2.2730170 2.2730170 2.2069215 2.2757520 2.2730170 2.2730170 2.2730170 2.2757520 2.2879573 2.2702322 2.2069215 2.2730170 2.2069215 2.2702322 2.2730170 2.2069215 2.2730170 2.2730170 2.2730170 2.2730170 2.2730170 2.2730170 2.2069215 2.2730170 2.2069215 2.2730170 2.2702322 0.6651896 0.6493472 0.6498118 0.6443968 0.6464461 0.6643679 0.6596462 0.6651359 0.6654459 0.6595366 0.6595366 0.6595366 0.6595366 0.6617049 0.6595366 0.6617049 0.6600082 0.6599047 0.6595366 0.6624904 0.6595366 0.6595366 0.6596462 0.6595366 0.6595366 0.6595366 0.6595366 0.4411093 0.5221896 
9606_0_0006d4    2.1767615 2.3146227 0.0000000 2.4136446 2.7949472 2.2271471 2.1896971 3.7891196 2.2901745 2.4056160 0.7972786 2.3532998 2.6098763 2.2884989 2.3056001 3.0079457 2.7100387 2.4765204 2.4333748 2.4217107 2.3296459 2.3324428 2.4058398 2.4132885 2.4093804 2.4266483 2.4298788 2.4298788 2.4277060 2.0962792 2.4290429 2.4207931 2.4434359 2.4298788 2.4028304 2.4298788 2.4351987 2.4135553 2.4298788 2.4132885 2.4298788 2.4298788 2.4363580 2.4138407 2.4298788 2.4366324 2.4248431 0.7350058 0.8095074 0.8097727 0.8065803 0.7941709 0.8082254 0.8036885 0.8085824 0.7939326 0.7893448 0.7991575 0.7944548 0.7967721 0.8015101 0.7992530 0.7945573 0.7967721 0.8003818 0.8051981 0.8091756 0.7923768 0.8108708 0.7926219 0.8094237 0.7983001 0.8043060 0.8092480 0.7979184 0.8009184 0.7961440 0.7985859 0.8022741 0.7975170 0.8041464 0.8013754 0.8038787 0.7926219 0.8046634 0.8095796 0.7967721 0.7986497 0.7939678 0.7963308 2.2856198 2.3044640 2.3045489 2.2910481 2.2990677 2.2944947 2.3084479 2.2933947 2.2926207 2.3056001 2.3084479 2.3084479 2.3084479 2.3084479 2.3084479 2.3084479 2.3056846 2.2949651 2.3056001 2.3073139 2.3085315 2.3084479 2.3084479 2.3056001 2.3056001 2.3084479 2.3056001 2.0092752 2.0615921 
9606_0_001389    2.4890244 2.6936373 2.4136446 0.0000000 1.1430856 2.5918737 2.5250314 3.5446357 2.5529368 2.3592884 2.3323417 2.7815344 3.0528231 2.6208976 2.6418865 1.6305167 1.2211058 0.9856896 0.9969086 0.9805324 0.7968065 0.8902624 0.9832487 1.0230598 0.9836869 0.9919183 0.9636884 0.9820239 0.9636884 0.7356592 0.9753723 0.9891580 0.9873292 0.9715901 0.9925561 0.9715901 0.9848949 0.9502647 0.9783191 1.0222025 0.9783191 0.9783191 0.9849994 0.9869489 0.9636884 0.9855244 0.9646656 2.3382491 2.3458109 2.3458109 2.3458109 2.3458109 2.3458109 2.3458109 2.3323417 2.3323417 2.3458109 2.3323417 2.3458109 2.3458109 2.3323417 2.3323417 2.3458109 2.3458109 2.3458109 2.3323417 2.3912767 2.3458109 2.3458109 2.3458109 2.3912767 2.3621122 2.3458109 2.3323417 2.3458109 2.3323417 2.3458109 2.3458109 2.3323417 2.3458109 2.3458109 2.3458109 2.3458109 2.3458109 2.3458109 2.3323417 2.3458109 2.3323417 2.3458109 2.3458109 2.6282517 2.6418865 2.6468163 2.6468163 2.6615408 2.6490950 2.6418865 2.6418865 2.6453746 2.6418865 2.6418865 2.6418865 2.6418865 2.6418865 2.6418865 2.6418865 2.6468163 2.6418865 2.6418865 2.6418865 2.7111635 2.6418865 2.6418865 2.6418865 2.6418865 2.6418865 2.6418865 2.4132924 2.4466128 
9606_0_001503    2.6464309 2.8410525 2.7949472 1.1430856 0.0000000 2.8406339 2.7320006 3.8116785 2.6638897 2.6699875 2.6204726 2.8695940 2.9180501 2.6841192 2.8664024 1.5420738 1.3017576 0.9840051 0.9619536 0.9579846 0.9268387 1.1860221 0.9713161 0.9778741 0.9590077 0.9594676 0.9640258 0.9584507 1.0024412 0.8713906 0.9657258 0.9693103 0.9703732 0.9640258 0.9724291 0.9640258 0.9608788 0.9723479 0.9584507 0.9747924 0.9584507 0.9584507 0.9627169 0.9645813 0.9690176 0.9608790 0.9621836 2.6661283 2.6733973 2.6733973 2.6733973 2.6733973 2.6733973 2.6733973 2.6204726 2.6204726 2.6733973 2.6204726 2.6733973 2.6733973 2.6204726 2.6204726 2.6733973 2.6733973 2.6733973 2.6204726 2.7321233 2.6733973 2.6733973 2.6733973 2.7321233 2.6909657 2.6733973 2.6204726 2.6733973 2.6204726 2.6733973 2.6733973 2.6204726 2.6733973 2.6733973 2.6733973 2.6733973 2.6733973 2.6733973 2.6204726 2.6733973 2.6204726 2.6733973 2.6733973 2.8345571 2.8595602 2.8437548 2.8437548 2.8330050 2.8773036 2.8664024 2.8664024 2.8653870 2.8664024 2.8664024 2.8664024 2.8664024 2.8664024 2.8664024 2.8664024 2.8505392 2.8664024 2.8664024 2.8664024 2.9709462 2.8664024 2.8664024 2.8664024 2.8664024 2.8664024 2.8664024 2.5061673 2.6377450 
9606_0_0018b3    0.9757172 0.4793207 2.2271471 2.5918737 2.8406339 0.0000000 1.4144214 4.1215062 1.0357176 0.9850653 2.1753300 0.4556453 2.1898323 0.8471666 0.5456212 3.0239359 2.9208857 2.8011738 2.8311819 2.8160354 2.7512208 2.7838562 2.7764267 2.8034480 2.7687291 2.7791762 2.7638609 2.7638609 2.7638609 2.4698855 2.7713782 2.7876633 2.7911427 2.7638609 2.7773159 2.7638609 2.7815209 2.7189324 2.7638609 2.8034480 2.7638609 2.7638609 2.7823389 2.7943017 2.7638609 2.7823389 2.7702953 2.2401521 2.2528862 2.2528862 2.2528862 2.2528862 2.2528862 2.2528862 2.1753300 2.1786757 2.2562273 2.1786757 2.2562273 2.2528862 2.1753300 2.1753300 2.2528862 2.2528862 2.2528862 2.1753300 2.2402528 2.2528862 2.2528862 2.2528862 2.2402528 2.2677418 2.2501144 2.1753300 2.2528862 2.1753300 2.2501144 2.2528862 2.1753300 2.2528862 2.2528862 2.2528862 2.2528862 2.2528862 2.2528862 2.1753300 2.2528862 2.1753300 2.2528862 2.2501144 0.5581829 0.5452643 0.5453801 0.5399182 0.5419599 0.5442576 0.5456212 0.5479678 0.5479678 0.5456212 0.5456212 0.5456212 0.5456212 0.5456212 0.5456212 0.5456212 0.5457370 0.5406712 0.5456212 0.5454651 0.5454989 0.5456212 0.5456212 0.5456212 0.5456212 0.5456212 0.5456212 0.3507396 0.4135603 
9606_0_0018dd    1.4958882 1.4268701 2.1896971 2.5250314 2.7320006 1.4144214 0.0000000 3.7984822 1.5333594 1.4637111 1.9454033 1.4972138 2.1380157 1.3696855 1.4410836 2.9930466 2.5407370 2.7384385 2.7512178 2.7377212 2.7083705 2.8129653 2.7287236 2.7494547 2.7165028 2.7347282 2.7340122 2.7340122 2.7340122 2.5200365 2.7278822 2.7286756 2.7365489 2.7340122 2.7358407 2.7340122 2.7340122 2.6903311 2.7340122 2.7494547 2.7340122 2.7340122 2.7348156 2.7643563 2.7340122 2.7348156 2.7318704 2.0716804 2.0688153 2.0688153 2.0688153 2.0688153 2.0688153 2.0688153 1.9454033 1.9454033 2.0688153 1.9454033 2.0688153 2.0688153 1.9454033 1.9454033 2.0688153 2.0688153 2.0688153 1.9454033 2.0130789 2.0688153 2.0688153 2.0688153 2.0130789 2.0830204 2.0705086 1.9454033 2.0688153 1.9454033 2.0705086 2.0688153 1.9454033 2.0688153 2.0688153 2.0688153 2.0688153 2.0688153 2.0688153 1.9454033 2.0688153 1.9454033 2.0688153 2.0705086 1.4411107 1.4448189 1.4441138 1.4441138 1.4464848 1.4254298 1.4446330 1.4446330 1.4446330 1.4410836 1.4446330 1.4446330 1.4446330 1.4446330 1.4446330 1.4446330 1.4403813 1.4446330 1.4410836 1.4446330 1.4446330 1.4446330 1.4446330 1.4410836 1.4410836 1.4446330 1.4410836 1.2904425 1.3319390 
9606_0_001d79    3.9026619 4.1582232 3.7891196 3.5446357 3.8116785 4.1215062 3.7984822 0.0000000 3.7296730 4.1231149 3.3087786 4.3600759 3.9675033 3.6975907 4.3757404 4.0949616 3.5852223 3.6757756 3.6715970 3.6947106 3.6368521 3.5608886 3.7415739 3.7723023 3.7295588 3.7037317 3.6820601 3.6820601 3.6820601 3.4870605 3.7019487 3.7649162 3.7058216 3.7081164 3.7651759 3.7302119 3.7081164 3.7121618 3.7081164 3.7723023 3.7081164 3.7081164 3.7147801 3.7356625 3.6677791 3.7147801 3.7108876 3.3678250 3.2900236 3.3278456 3.3440824 3.3000534 3.3617187 3.2926928 3.2743910 3.3138348 3.3316573 3.3138348 3.3316573 3.3309119 3.3130816 3.3209756 3.3387246 3.3309119 3.3318365 3.3140179 3.3139515 3.3266702 3.3121373 3.3266702 3.3139515 3.3257597 3.3078101 3.2896756 3.3316573 3.3316718 3.3492725 3.3316573 3.2996791 3.3176595 3.2976508 3.3316573 3.3176595 3.3266702 3.3316573 3.3138348 3.3309119 3.3087786 3.3266702 3.3348413 4.3656006 4.3757404 4.3492398 4.3492398 4.5097744 4.5377524 4.5440022 4.5406854 4.5390736 4.3757404 4.5440022 4.5440022 4.5440022 4.5440022 4.5440022 4.5440022 4.3492398 4.5440022 4.3757404 4.3887573 4.4169450 4.5440022 4.5440022 4.3757404 4.3757404 4.5440022 4.3757404 4.0714422 4.0931328 
9606_0_0021ca    0.7380086 1.0999834 2.2901745 2.5529368 2.6638897 1.0357176 1.5333594 3.7296730 0.0000000 0.7832787 2.2524998 1.1201416 2.1505723 0.7080851 1.0854088 3.0308539 2.6848981 2.6416882 2.6420253 2.6609412 2.5518373 2.5920663 2.6143554 2.6462562 2.5874050 2.6053128 2.6019763 2.6019763 2.6019763 2.4281817 2.6169044 2.6366226 2.6319961 2.6019763 2.6248803 2.6019763 2.6173274 2.5979326 2.6019763 2.6462562 2.6019763 2.6019763 2.6235604 2.6314751 2.6019763 2.6235604 2.6157496 2.3265925 2.3402793 2.3402793 2.3402793 2.3402793 2.3402793 2.3402793 2.2524998 2.2391456 2.3269058 2.2391456 2.3269058 2.3402793 2.2524998 2.2524998 2.3402793 2.3402793 2.3402793 2.2524998 2.3154808 2.3402793 2.3402793 2.3402793 2.3154808 2.3562483 2.3402793 2.2524998 2.3402793 2.2524998 2.3402793 2.3402793 2.2524998 2.3402793 2.3402793 2.3402793 2.3402793 2.3402793 2.3402793 2.2524998 2.3402793 2.2524998 2.3402793 2.3402793 1.0958230 1.0856260 1.0865701 1.0865701 1.0858608 1.0803627 1.0854088 1.0854088 1.0854088 1.0854088 1.0854088 1.0854088 1.0854088 1.0854088 1.0854088 1.0854088 1.0863526 1.0854088 1.0854088 1.0854088 1.0846139 1.0854088 1.0854088 1.0854088 1.0854088 1.0854088 1.0854088 0.8215419 0.8811472 
9606_0_00225d    0.6724303 1.0081975 2.4056160 2.3592884 2.6699875 0.9850653 1.4637111 4.1231149 0.7832787 0.0000000 2.3358527 1.0132001 2.3640744 0.4594978 1.0776155 3.1065696 2.6347395 2.6925165 2.6422835 2.6715017 2.5886441 2.7067952 2.6518093 2.6434403 2.6326044 2.6351636 2.6119375 2.6119375 2.6119375 2.5155616 2.6220152 2.6402645 2.6404888 2.6119375 2.6387025 2.6119375 2.6268535 2.5130765 2.6119375 2.6434403 2.6119375 2.6119375 2.6322811 2.6406357 2.6119375 2.6322811 2.6106311 2.4116604 2.3983386 2.3983386 2.3983386 2.3983386 2.3983386 2.3983386 2.3358527 2.3358527 2.3983386 2.3358527 2.3983386 2.3983386 2.3358527 2.3358527 2.3983386 2.3983386 2.3983386 2.3358527 2.4003989 2.3983386 2.3983386 2.3983386 2.4003989 2.3807802 2.3983386 2.3358527 2.3983386 2.3358527 2.3983386 2.3983386 2.3358527 2.3983386 2.3983386 2.3983386 2.3983386 2.3983386 2.3983386 2.3358527 2.3983386 2.3358527 2.3983386 2.3983386 1.0830810 1.0696618 1.0705845 1.0705845 1.0629841 1.0726334 1.0776155 1.0776155 1.0776155 1.0776155 1.0776155 1.0776155 1.0776155 1.0776155 1.0776155 1.0776155 1.0785460 1.0776155 1.0776155 1.0776155 1.0778272 1.0776155 1.0776155 1.0776155 1.0776155 1.0776155 1.0776155 0.8847022 0.9182787 
9606_0_00253e    2.1014732 2.2069215 0.7972786 2.3323417 2.6204726 2.1753300 1.9454033 3.3087786 2.2524998 2.3358527 0.0000000 2.2417146 2.4708003 2.2224633 2.2361389 2.7376129 2.3586585 2.3735109 2.3354591 2.3029799 2.1578954 2.3544745 2.2987582 2.3118844 2.2860707 2.3041010 2.2945650 2.2945650 2.2945650 2.1166100 2.2941303 2.3144069 2.3086875 2.2945650 2.2958314 2.2945650 2.3003080 2.2786484 2.2945650 2.3118844 2.2945650 2.2945650 2.3015015 2.2779647 2.2945650 2.3186992 2.2892884 0.0805324 0.0738495 0.0719550 0.0876309 0.0738810 0.0464481 0.0476956 0.0283433 0.0044074 0.0216379 0.0035257 0.0206994 0.0303346 0.0124478 0.0106904 0.0285063 0.0303346 0.0324177 0.0143086 0.0156054 0.0187955 0.0437362 0.0178355 0.0146698 0.0343244 0.0471909 0.0281099 0.0294388 0.0079691 0.0254422 0.0275302 0.0115707 0.0294231 0.0498897 0.0304799 0.0314038 0.0168846 0.0304669 0.0125003 0.0303346 0.0026424 0.0197469 0.0302951 2.2333354 2.2361389 2.2416538 2.2280120 2.2443809 2.2511636 2.2386147 2.2410671 2.2402975 2.2361389 2.2386147 2.2386147 2.2386147 2.2386147 2.2386147 2.2386147 2.2416538 2.2250180 2.2361389 2.2374774 2.2387204 2.2386147 2.2386147 2.2361389 2.2361389 2.2386147 2.2361389 2.0500918 2.0845938 
9606_0_0041a7    1.0136020 0.5521267 2.3532998 2.7815344 2.8695940 0.4556453 1.4972138 4.3600759 1.1201416 1.0132001 2.2417146 0.0000000 2.2140929 0.7715604 0.3914358 3.0878528 2.9585425 2.7496274 2.7942574 2.7902304 2.6762323 2.8128468 2.8301817 2.8195069 2.7906125 2.7945105 2.7787878 2.7787878 2.7787878 2.5267359 2.7816560 2.7951470 2.8013139 2.7787878 2.7942498 2.7787878 2.7917416 2.7588308 2.7787878 2.8195069 2.7787878 2.7787878 2.7925561 2.8091566 2.7787878 2.7948422 2.7730792 2.3111757 2.3081077 2.3081077 2.3081077 2.3081077 2.3081077 2.3081077 2.2417146 2.2542800 2.3204976 2.2542800 2.3204976 2.3081077 2.2417146 2.2417146 2.3081077 2.3081077 2.3081077 2.2417146 2.3095997 2.3081077 2.3081077 2.3081077 2.3095997 2.3231354 2.3040312 2.2417146 2.3081077 2.2417146 2.3040312 2.3081077 2.2417146 2.3081077 2.3081077 2.3081077 2.3081077 2.3081077 2.3081077 2.2417146 2.3081077 2.2417146 2.3081077 2.3040312 0.3981220 0.3862971 0.3866518 0.3840344 0.3742495 0.3909413 0.3899440 0.3926190 0.3926190 0.3898137 0.3898137 0.3898137 0.3898137 0.3914358 0.3898137 0.3914358 0.3901699 0.3913441 0.3898137 0.3921403 0.3901699 0.3898137 0.3899440 0.3898137 0.3898137 0.3898137 0.3898137 0.2141119 0.2767639 
9606_0_004857    2.1280101 2.0013453 2.6098763 3.0528231 2.9180501 2.1898323 2.1380157 3.9675033 2.1505723 2.3640744 2.4708003 2.2140929 0.0000000 2.1617410 2.1854997 2.9614729 2.7384046 2.8651676 2.8586947 2.8379022 2.8768446 3.0671898 2.8298852 2.8989303 2.8330807 2.8358267 2.8461604 2.8461604 2.8461604 2.7904782 2.8373130 2.8496242 2.8490843 2.8461604 2.8515031 2.8461604 2.8461604 2.8647284 2.8461604 2.8989303 2.8461604 2.8461604 2.8470332 2.8785031 2.8461604 2.8470332 2.8529315 2.5606768 2.5462734 2.5462734 2.5462734 2.5462734 2.5462734 2.5462734 2.4708003 2.4708003 2.5462734 2.4708003 2.5462734 2.5462734 2.4708003 2.4708003 2.5462734 2.5462734 2.5462734 2.4708003 2.5153835 2.5462734 2.5462734 2.5462734 2.5153835 2.5643745 2.5414102 2.4708003 2.5462734 2.4708003 2.5414102 2.5462734 2.4708003 2.5462734 2.5462734 2.5462734 2.5462734 2.5462734 2.5462734 2.4708003 2.5462734 2.4708003 2.5462734 2.5414102 2.2104745 2.1803359 2.1823418 2.1823418 2.1739033 2.1748434 2.1854997 2.1854997 2.1867914 2.1854997 2.1854997 2.1854997 2.1854997 2.1854997 2.1854997 2.1854997 2.1875080 2.1854997 2.1854997 2.1854997 2.1968843 2.1854997 2.1854997 2.1854997 2.1854997 2.1854997 2.1854997 1.9695107 1.9442260 
9606_0_0048d0    0.5560128 0.8874740 2.2884989 2.6208976 2.6841192 0.8471666 1.3696855 3.6975907 0.7080851 0.4594978 2.2224633 0.7715604 2.1617410 0.0000000 0.9038768 3.0431619 2.6102680 2.7679208 2.7162416 2.7084029 2.6553834 2.6271819 2.6924487 2.6943694 2.6793376 2.6964569 2.6625079 2.6625079 2.6625079 2.4162191 2.6890750 2.6975061 2.7007693 2.6786408 2.6845757 2.6786408 2.6939504 2.6072288 2.6786408 2.6943694 2.6786408 2.6786408 2.6992053 2.7068671 2.6625079 2.6992053 2.6773608 2.2480701 2.2553252 2.2553252 2.2553252 2.2553252 2.2553252 2.2553252 2.2224633 2.2224633 2.2553252 2.2224633 2.2553252 2.2553252 2.2224633 2.2224633 2.2553252 2.2553252 2.2553252 2.2224633 2.2605362 2.2553252 2.2553252 2.2553252 2.2605362 2.2709992 2.2553252 2.2224633 2.2553252 2.2224633 2.2553252 2.2553252 2.2224633 2.2553252 2.2553252 2.2553252 2.2553252 2.2553252 2.2553252 2.2224633 2.2553252 2.2224633 2.2553252 2.2553252 0.9192700 0.8967843 0.8975134 0.8975134 0.8907260 0.8964003 0.9038768 0.9038768 0.9038768 0.9038768 0.9038768 0.9038768 0.9038768 0.9038768 0.9038768 0.9038768 0.9046127 0.9038768 0.9038768 0.9038768 0.9829990 0.9038768 0.9038768 0.9038768 0.9038768 0.9038768 0.9038768 0.7471225 0.7829356 
9606_0_00493f    1.0652005 0.6617049 2.3056001 2.6418865 2.8664024 0.5456212 1.4410836 4.3757404 1.0854088 1.0776155 2.2361389 0.3914358 2.1854997 0.9038768 0.0000000 3.0039154 3.0169214 2.8021941 2.8438296 2.8480182 2.7632482 2.7454768 2.8180397 2.8074767 2.7996917 2.8101599 2.7918159 2.7918159 2.7918159 2.5214995 2.7864561 2.8108075 2.8170178 2.7918159 2.7885628 2.7918159 2.8073572 2.8115485 2.7918159 2.8074767 2.7918159 2.7918159 2.8081803 2.8223745 2.7918159 2.8104779 2.7860851 2.3251922 2.3220695 2.3220695 2.3220695 2.3220695 2.3220695 2.3220695 2.2361389 2.2395400 2.3254968 2.2395400 2.3254968 2.3220695 2.2361389 2.2361389 2.3220695 2.3220695 2.3220695 2.2361389 2.2903542 2.3220695 2.3220695 2.3220695 2.2903542 2.3373595 2.3192274 2.2361389 2.3220695 2.2361389 2.3192274 2.3220695 2.2361389 2.3220695 2.3220695 2.3220695 2.3220695 2.3220695 2.3220695 2.2361389 2.3220695 2.2361389 2.3220695 2.3192274 0.0096091 0.0076497 0.0095735 0.0134403 0.0153937 0.0057217 0.0038116 0.0038195 0.0057379 0.0019035 0.0019035 0.0019035 0.0019035 0.0000010 0.0019035 0.0000010 0.0038116 0.0038125 0.0019035 0.0019036 0.0038116 0.0019035 0.0038116 0.0019035 0.0019035 0.0019035 0.0019035 0.0024834 0.0419874 
9606_0_004ddb    2.8253271 3.1273100 3.0079457 1.6305167 1.5420738 3.0239359 2.9930466 4.0949616 3.0308539 3.1065696 2.7376129 3.0878528 2.9614729 3.0431619 3.0039154 0.0000000 1.2907951 1.4329525 1.4908356 1.4365007 1.3934227 1.6277427 1.4729817 1.4855874 1.4547944 1.4642231 1.4506364 1.4524929 1.4786927 1.3338167 1.4497024 1.4679766 1.4521640 1.4506364 1.4740755 1.4565191 1.4524929 1.4403028 1.4524929 1.4811353 1.4524929 1.4524929 1.4530352 1.4595078 1.4565418 1.4503720 1.4518605 2.8188404 2.8213057 2.8213057 2.8213057 2.8213057 2.8213057 2.8213057 2.7376129 2.7376129 2.8213057 2.7376129 2.8213057 2.8213057 2.7376129 2.7376129 2.8213057 2.8213057 2.8213057 2.7376129 2.7758783 2.8213057 2.8213057 2.8213057 2.7758783 2.8401910 2.8213057 2.7376129 2.8213057 2.7376129 2.8213057 2.8213057 2.7376129 2.8213057 2.8213057 2.8213057 2.8213057 2.8213057 2.8213057 2.7376129 2.8213057 2.7376129 2.8213057 2.8213057 3.0051970 3.0084873 3.0035854 2.9959491 3.1375940 3.1566886 3.1495864 3.1470798 3.1399249 3.0039154 3.1470798 3.1470798 3.1470798 3.1470798 3.1470798 3.1470798 2.9990204 3.1470798 3.0039154 3.0207520 3.0880633 3.1470798 3.1495864 3.0039154 3.0039154 3.1470798 3.0039154 2.5344260 2.6824873 
9606_0_005053    2.6318191 3.0052249 2.7100387 1.2211058 1.3017576 2.9208857 2.5407370 3.5852223 2.6848981 2.6347395 2.3586585 2.9585425 2.7384046 2.6102680 3.0169214 1.2907951 0.0000000 1.1191043 1.1192636 1.0973433 1.0698615 1.1404759 1.1210477 1.1345208 1.1112626 1.1083321 1.1296466 1.1377014 1.1367773 0.9021965 1.1087909 1.0994884 1.1110623 1.1078730 1.0998132 1.1078174 1.1046559 1.1198423 1.1078166 1.1250321 1.1078166 1.1078166 1.1068381 1.0948660 1.1347927 1.1070496 1.1080422 2.4642639 2.4661696 2.4661696 2.4661696 2.4661696 2.4661696 2.4661696 2.3586585 2.3586585 2.4661696 2.3586585 2.4661696 2.4661696 2.3586585 2.3586585 2.4661696 2.4661696 2.4661696 2.3586585 2.4282500 2.4661696 2.4661696 2.4661696 2.4282500 2.4495072 2.4722694 2.3586585 2.4661696 2.3586585 2.4722694 2.4661696 2.3586585 2.4661696 2.4661696 2.4661696 2.4661696 2.4661696 2.4661696 2.3586585 2.4661696 2.3586585 2.4661696 2.4722694 2.9967929 3.0257860 3.0307412 3.0137525 3.0270767 3.0020342 3.0125993 3.0154791 3.0086712 3.0125993 3.0125993 3.0125993 3.0125993 3.0169214 3.0125993 3.0169214 3.0175393 2.9957018 3.0125993 3.0154791 3.0345740 3.0125993 3.0125993 3.0125993 3.0125993 3.0125993 3.0125993 2.5037931 2.6547004 
1868482_0_002e9c 2.7154190 2.8526777 2.4765204 0.9856896 0.9840051 2.8011738 2.7384385 3.6757756 2.6416882 2.6925165 2.3735109 2.7496274 2.8651676 2.7679208 2.8021941 1.4329525 1.1191043 0.0000000 0.0834842 0.0644607 0.1313020 0.2067771 0.0694686 0.0793216 0.0620581 0.0620622 0.0609889 0.0606584 0.0778344 0.0556137 0.0660667 0.0637366 0.0662204 0.0609889 0.0672967 0.0588450 0.0605573 0.0568716 0.0606584 0.0787936 0.0606584 0.0606584 0.0623955 0.0665344 0.0627969 0.0626982 0.0612397 2.4041022 2.4059740 2.4059740 2.4059740 2.4059740 2.4059740 2.4059740 2.3735109 2.3735109 2.4059740 2.3735109 2.4059740 2.4059740 2.3735109 2.3735109 2.4059740 2.4059740 2.4059740 2.3735109 2.4600727 2.4059740 2.4059740 2.4059740 2.4600727 2.4218248 2.4059740 2.3735109 2.4059740 2.3735109 2.4059740 2.4059740 2.3735109 2.4059740 2.4059740 2.4059740 2.4059740 2.4059740 2.4059740 2.3735109 2.4059740 2.3735109 2.4059740 2.4059740 2.7865164 2.8075944 2.8124046 2.8124046 2.8162179 2.8022793 2.8021941 2.8021941 2.7955892 2.8021941 2.8021941 2.8021941 2.8021941 2.8021941 2.8021941 2.8021941 2.8070017 2.8021941 2.8021941 2.8021941 2.8473920 2.8021941 2.8021941 2.8021941 2.8021941 2.8021941 2.8021941 2.4904398 2.6059332 
379532_0_000df2  2.7088583 2.8867304 2.4333748 0.9969086 0.9619536 2.8311819 2.7512178 3.6715970 2.6420253 2.6422835 2.3354591 2.7942574 2.8586947 2.7162416 2.8438296 1.4908356 1.1192636 0.0834842 0.0000000 0.0312773 0.1003139 0.1937905 0.0605883 0.0700340 0.0459236 0.0459278 0.0460222 0.0442397 0.0622083 0.0288082 0.0495926 0.0566827 0.0497085 0.0460222 0.0565884 0.0460222 0.0441663 0.0342382 0.0442397 0.0679459 0.0442397 0.0442397 0.0459765 0.0499500 0.0478056 0.0478498 0.0478310 2.4025870 2.4044560 2.4044560 2.4044560 2.4044560 2.4044560 2.4044560 2.3354591 2.3354591 2.4044560 2.3354591 2.4044560 2.4044560 2.3354591 2.3354591 2.4044560 2.4044560 2.4044560 2.3354591 2.4309141 2.4044560 2.4044560 2.4044560 2.4309141 2.3877527 2.4044560 2.3354591 2.4044560 2.3354591 2.4044560 2.4044560 2.3354591 2.4044560 2.4044560 2.4044560 2.4044560 2.4044560 2.4044560 2.3354591 2.4044560 2.3354591 2.4044560 2.4044560 2.8278945 2.8492892 2.8541487 2.8541487 2.8580240 2.8438902 2.8438296 2.8438296 2.8371552 2.8438296 2.8438296 2.8438296 2.8438296 2.8438296 2.8438296 2.8438296 2.8486863 2.8438296 2.8438296 2.8438296 2.9030392 2.8438296 2.8438296 2.8438296 2.8438296 2.8438296 2.8438296 2.4956961 2.6057300 
9447_0_004290    2.6980098 2.8645962 2.4217107 0.9805324 0.9579846 2.8160354 2.7377212 3.6947106 2.6609412 2.6715017 2.3029799 2.7902304 2.8379022 2.7084029 2.8480182 1.4365007 1.0973433 0.0644607 0.0312773 0.0000000 0.0811660 0.1902982 0.0462637 0.0552760 0.0322378 0.0322413 0.0323057 0.0305925 0.0474695 0.0264855 0.0357390 0.0425712 0.0358200 0.0323057 0.0425029 0.0323057 0.0305435 0.0306834 0.0305925 0.0533214 0.0305925 0.0305925 0.0322756 0.0359922 0.0340208 0.0340533 0.0340384 2.3682496 2.3700780 2.3700780 2.3700780 2.3700780 2.3700780 2.3700780 2.3029799 2.3029799 2.3700780 2.3029799 2.3700780 2.3700780 2.3029799 2.3029799 2.3700780 2.3700780 2.3700780 2.3029799 2.3786963 2.3700780 2.3700780 2.3700780 2.3786963 2.3857292 2.3700780 2.3029799 2.3700780 2.3029799 2.3700780 2.3700780 2.3029799 2.3700780 2.3700780 2.3700780 2.3700780 2.3700780 2.3700780 2.3029799 2.3700780 2.3029799 2.3700780 2.3700780 2.8320145 2.8534984 2.8583757 2.8583757 2.8622676 2.8480765 2.8480182 2.8480182 2.8413190 2.8480182 2.8480182 2.8480182 2.8480182 2.8480182 2.8480182 2.8480182 2.8528928 2.8480182 2.8480182 2.8480182 2.9071669 2.8480182 2.8480182 2.8480182 2.8480182 2.8480182 2.8480182 2.4891649 2.6054795 
30611_0_002cf7   2.5954550 2.8418656 2.3296459 0.7968065 0.9268387 2.7512208 2.7083705 3.6368521 2.5518373 2.5886441 2.1578954 2.6762323 2.8768446 2.6553834 2.7632482 1.3934227 1.0698615 0.1313020 0.1003139 0.0811660 0.0000000 0.3171995 0.1165779 0.1272878 0.1043133 0.1043155 0.1040161 0.1020544 0.1234936 0.1289730 0.1081151 0.1120457 0.1083720 0.1040161 0.1118466 0.1040161 0.1020544 0.1077662 0.1020544 0.1247588 0.1020544 0.1020544 0.1040751 0.1086815 0.1059706 0.1062239 0.1060255 2.2278624 2.2295338 2.2295338 2.2295338 2.2295338 2.2295338 2.2295338 2.1578954 2.1578954 2.2295338 2.1578954 2.2295338 2.2295338 2.1578954 2.1578954 2.2295338 2.2295338 2.2295338 2.1578954 2.2400673 2.2295338 2.2295338 2.2295338 2.2400673 2.2445082 2.2295338 2.1578954 2.2295338 2.1578954 2.2295338 2.2295338 2.1578954 2.2295338 2.2295338 2.2295338 2.2295338 2.2295338 2.2295338 2.1578954 2.2295338 2.1578954 2.2295338 2.2295338 2.7475636 2.7686791 2.7735190 2.7735190 2.7773349 2.7633580 2.7632482 2.7632482 2.7566045 2.7632482 2.7632482 2.7632482 2.7632482 2.7632482 2.7632482 2.7632482 2.7680853 2.7632482 2.7632482 2.7632482 2.8273194 2.7632482 2.7632482 2.7632482 2.7632482 2.7632482 2.7632482 2.4309629 2.5419429 
30608_0_004b67   2.6661839 2.7811660 2.3324428 0.8902624 1.1860221 2.7838562 2.8129653 3.5608886 2.5920663 2.7067952 2.3544745 2.8128468 3.0671898 2.6271819 2.7454768 1.6277427 1.1404759 0.2067771 0.1937905 0.1902982 0.3171995 0.0000000 0.2070707 0.2292950 0.1956192 0.1956130 0.1960078 0.1960078 0.1960078 0.1712072 0.1984484 0.1995700 0.2040418 0.1960078 0.2017394 0.1960078 0.1954467 0.1870473 0.1960078 0.2244332 0.1960078 0.1960078 0.1989349 0.2036081 0.1960078 0.1951495 0.1925258 2.3584902 2.3606610 2.3606610 2.3606610 2.3606610 2.3606610 2.3606610 2.3544745 2.3544745 2.3606610 2.3544745 2.3606610 2.3606610 2.3544745 2.3544745 2.3606610 2.3606610 2.3606610 2.3544745 2.3856795 2.3606610 2.3606610 2.3606610 2.3856795 2.3793093 2.3606610 2.3544745 2.3606610 2.3544745 2.3606610 2.3606610 2.3544745 2.3606610 2.3606610 2.3606610 2.3606610 2.3606610 2.3606610 2.3544745 2.3606610 2.3544745 2.3606610 2.3606610 2.7270316 2.7454768 2.7511826 2.7511826 2.7566374 2.7510654 2.7454768 2.7454768 2.7454768 2.7454768 2.7454768 2.7454768 2.7454768 2.7454768 2.7454768 2.7454768 2.7511826 2.7454768 2.7454768 2.7454768 2.7454768 2.7454768 2.7454768 2.7454768 2.7454768 2.7454768 2.7454768 2.6545745 2.6925051 
37293_0_000c18   2.6833624 2.8002577 2.4058398 0.9832487 0.9713161 2.7764267 2.7287236 3.7415739 2.6143554 2.6518093 2.2987582 2.8301817 2.8298852 2.6924487 2.8180397 1.4729817 1.1210477 0.0694686 0.0605883 0.0462637 0.1165779 0.2070707 0.0000000 0.0149227 0.0181653 0.0181677 0.0226956 0.0320198 0.0368181 0.0142448 0.0203094 0.0065636 0.0203552 0.0183371 0.0082282 0.0149888 0.0166381 0.0358170 0.0166643 0.0149367 0.0166643 0.0166643 0.0183210 0.0201451 0.0243262 0.0183278 0.0200222 2.3660206 2.3678573 2.3678573 2.3678573 2.3678573 2.3678573 2.3678573 2.2987582 2.2987582 2.3678573 2.2987582 2.3678573 2.3678573 2.2987582 2.2987582 2.3678573 2.3678573 2.3678573 2.2987582 2.3715426 2.3678573 2.3678573 2.3678573 2.3715426 2.3835906 2.3678573 2.2987582 2.3678573 2.2987582 2.3678573 2.3678573 2.2987582 2.3678573 2.3678573 2.3678573 2.3678573 2.3678573 2.3678573 2.2987582 2.3678573 2.2987582 2.3678573 2.3678573 2.8022205 2.8234776 2.8283200 2.8283200 2.8321676 2.8181157 2.8180397 2.8180397 2.8113898 2.8180397 2.8180397 2.8180397 2.8180397 2.8180397 2.8180397 2.8180397 2.8228795 2.8180397 2.8180397 2.8180397 2.8488038 2.8180397 2.8180397 2.8180397 2.8180397 2.8180397 2.8180397 2.4733338 2.5871842 
9515_0_0007c5    2.6812915 2.8180188 2.4132885 1.0230598 0.9778741 2.8034480 2.7494547 3.7723023 2.6462562 2.6434403 2.3118844 2.8195069 2.8989303 2.6943694 2.8074767 1.4855874 1.1345208 0.0793216 0.0700340 0.0552760 0.1272878 0.2292950 0.0149227 0.0000000 0.0284268 0.0284300 0.0286838 0.0269863 0.0435991 0.0265647 0.0307971 0.0166144 0.0308671 0.0286838 0.0148940 0.0252838 0.0269434 0.0304949 0.0269863 0.0016318 0.0269863 0.0269863 0.0286576 0.0305858 0.0303834 0.0286682 0.0303991 2.3786381 2.3804813 2.3804813 2.3804813 2.3804813 2.3804813 2.3804813 2.3118844 2.3118844 2.3804813 2.3118844 2.3804813 2.3804813 2.3118844 2.3118844 2.3804813 2.3804813 2.3804813 2.3118844 2.3843209 2.3804813 2.3804813 2.3804813 2.3843209 2.3962100 2.3804813 2.3118844 2.3804813 2.3118844 2.3804813 2.3804813 2.3118844 2.3804813 2.3804813 2.3804813 2.3804813 2.3804813 2.3804813 2.3118844 2.3804813 2.3118844 2.3804813 2.3804813 2.7917554 2.8128884 2.8177085 2.8177085 2.8215325 2.8075588 2.8074767 2.8074767 2.8008581 2.8074767 2.8074767 2.8074767 2.8074767 2.8074767 2.8074767 2.8074767 2.8122940 2.8074767 2.8074767 2.8074767 2.8524258 2.8074767 2.8074767 2.8074767 2.8074767 2.8074767 2.8074767 2.4904734 2.5916252 
81572_0_004020   2.6884579 2.8229859 2.4093804 0.9836869 0.9590077 2.7687291 2.7165028 3.7295588 2.5874050 2.6326044 2.2860707 2.7906125 2.8330807 2.6793376 2.7996917 1.4547944 1.1112626 0.0620581 0.0459236 0.0322378 0.1043133 0.1956192 0.0181653 0.0284268 0.0000000 0.0032660 0.0049044 0.0032682 0.0185869 0.0046527 0.0081825 0.0147688 0.0082004 0.0049044 0.0164574 0.0049044 0.0032631 0.0052048 0.0032682 0.0266450 0.0032682 0.0032682 0.0049003 0.0082399 0.0065424 0.0065493 0.0065458 2.3532606 2.3550751 2.3550751 2.3550751 2.3550751 2.3550751 2.3550751 2.2860707 2.2860707 2.3550751 2.2860707 2.3550751 2.3550751 2.2860707 2.2860707 2.3550751 2.3550751 2.3550751 2.2860707 2.3585720 2.3550751 2.3550751 2.3550751 2.3585720 2.3706788 2.3550751 2.2860707 2.3550751 2.2860707 2.3550751 2.3550751 2.2860707 2.3550751 2.3550751 2.3550751 2.3550751 2.3550751 2.3550751 2.2860707 2.3550751 2.2860707 2.3550751 2.3550751 2.7839667 2.8051102 2.8099368 2.8099368 2.8137618 2.7997787 2.7996917 2.7996917 2.7930645 2.7996917 2.7996917 2.7996917 2.7996917 2.7996917 2.7996917 2.7996917 2.8045156 2.7996917 2.7996917 2.7996917 2.8590125 2.7996917 2.7996917 2.7996917 2.7996917 2.7996917 2.7996917 2.4636874 2.5890713 
61853_0_003ed3   2.7064319 2.8256797 2.4266483 0.9919183 0.9594676 2.7791762 2.7347282 3.7037317 2.6053128 2.6351636 2.3041010 2.7945105 2.8358267 2.6964569 2.8101599 1.4642231 1.1083321 0.0620622 0.0459278 0.0322413 0.1043155 0.1956130 0.0181677 0.0284300 0.0032660 0.0000000 0.0049052 0.0032687 0.0185893 0.0046537 0.0081837 0.0147708 0.0082016 0.0049052 0.0164596 0.0049052 0.0032636 0.0052056 0.0032687 0.0266481 0.0032687 0.0032687 0.0049010 0.0082411 0.0065434 0.0065503 0.0065467 2.3710000 2.3728348 2.3728348 2.3728348 2.3728348 2.3728348 2.3728348 2.3041010 2.3041010 2.3728348 2.3041010 2.3728348 2.3728348 2.3041010 2.3041010 2.3728348 2.3728348 2.3728348 2.3041010 2.3765719 2.3728348 2.3728348 2.3728348 2.3765719 2.3885277 2.3728348 2.3041010 2.3728348 2.3041010 2.3728348 2.3728348 2.3041010 2.3728348 2.3728348 2.3728348 2.3728348 2.3728348 2.3728348 2.3041010 2.3728348 2.3041010 2.3728348 2.3728348 2.7943923 2.8155856 2.8204178 2.8204178 2.8242529 2.8102406 2.8101599 2.8101599 2.8035244 2.8101599 2.8101599 2.8101599 2.8101599 2.8101599 2.8101599 2.8101599 2.8149895 2.8101599 2.8101599 2.8101599 2.8688910 2.8101599 2.8101599 2.8101599 2.8101599 2.8101599 2.8101599 2.4751535 2.6005629 
54180_0_000e85   2.7037896 2.8358051 2.4298788 0.9636884 0.9640258 2.7638609 2.7340122 3.6820601 2.6019763 2.6119375 2.2945650 2.7787878 2.8461604 2.6625079 2.7918159 1.4506364 1.1296466 0.0609889 0.0460222 0.0323057 0.1040161 0.1960078 0.0226956 0.0286838 0.0049044 0.0049052 0.0000000 0.0113342 0.0129007 0.0000010 0.0065466 0.0149105 0.0065610 0.0000010 0.0166141 0.0032649 0.0016317 0.0138387 0.0016317 0.0268873 0.0016317 0.0016317 0.0032672 0.0065824 0.0015629 0.0049125 0.0016322 2.3616485 2.3634735 2.3634735 2.3634735 2.3634735 2.3634735 2.3634735 2.2945650 2.2945650 2.3634735 2.2945650 2.3634735 2.3634735 2.2945650 2.2945650 2.3634735 2.3634735 2.3634735 2.2945650 2.3670858 2.3634735 2.3634735 2.3634735 2.3670858 2.3791269 2.3634735 2.2945650 2.3634735 2.2945650 2.3634735 2.3634735 2.2945650 2.3634735 2.3634735 2.3634735 2.3634735 2.3634735 2.3634735 2.2945650 2.3634735 2.2945650 2.3634735 2.3634735 2.7761431 2.7972219 2.8020379 2.8020379 2.8058503 2.7919075 2.7918159 2.7918159 2.7852034 2.7918159 2.7918159 2.7918159 2.7918159 2.7918159 2.7918159 2.7918159 2.7966292 2.7918159 2.7918159 2.7918159 2.8984558 2.7918159 2.7918159 2.7918159 2.7918159 2.7918159 2.7918159 2.4725388 2.5977602 
9545_0_000f9d    2.7037896 2.8358051 2.4298788 0.9820239 0.9584507 2.7638609 2.7340122 3.6820601 2.6019763 2.6119375 2.2945650 2.7787878 2.8461604 2.6625079 2.7918159 1.4524929 1.1377014 0.0606584 0.0442397 0.0305925 0.1020544 0.1960078 0.0320198 0.0269863 0.0032682 0.0032687 0.0113342 0.0000000 0.0250800 0.0000010 0.0049078 0.0132490 0.0049186 0.0016317 0.0149473 0.0016317 0.0000010 0.0032084 0.0000010 0.0251975 0.0000010 0.0000010 0.0016329 0.0049347 0.0129588 0.0032736 0.0032667 2.3616485 2.3634735 2.3634735 2.3634735 2.3634735 2.3634735 2.3634735 2.2945650 2.2945650 2.3634735 2.2945650 2.3634735 2.3634735 2.2945650 2.2945650 2.3634735 2.3634735 2.3634735 2.2945650 2.3670858 2.3634735 2.3634735 2.3634735 2.3670858 2.3791269 2.3634735 2.2945650 2.3634735 2.2945650 2.3634735 2.3634735 2.2945650 2.3634735 2.3634735 2.3634735 2.3634735 2.3634735 2.3634735 2.2945650 2.3634735 2.2945650 2.3634735 2.3634735 2.7761431 2.7972219 2.8020379 2.8020379 2.8058503 2.7919075 2.7918159 2.7918159 2.7852034 2.7918159 2.7918159 2.7918159 2.7918159 2.7918159 2.7918159 2.7918159 2.7966292 2.7918159 2.7918159 2.7918159 2.8410057 2.7918159 2.7918159 2.7918159 2.7918159 2.7918159 2.7918159 2.4725388 2.5977602 
61621_0_00495b   2.7037896 2.8358051 2.4277060 0.9636884 1.0024412 2.7638609 2.7340122 3.6820601 2.6019763 2.6119375 2.2945650 2.7787878 2.8461604 2.6625079 2.7918159 1.4786927 1.1367773 0.0778344 0.0622083 0.0474695 0.1234936 0.1960078 0.0368181 0.0435991 0.0185869 0.0185893 0.0129007 0.0250800 0.0000000 0.0000010 0.0202993 0.0290978 0.0203452 0.0134822 0.0308999 0.0168721 0.0151782 0.0286328 0.0151782 0.0416791 0.0151782 0.0151782 0.0168839 0.0204119 0.0145202 0.0186170 0.0151827 2.3616485 2.3634735 2.3634735 2.3634735 2.3634735 2.3634735 2.3634735 2.2945650 2.2945650 2.3634735 2.2945650 2.3634735 2.3634735 2.2945650 2.2945650 2.3634735 2.3634735 2.3634735 2.2945650 2.3670858 2.3634735 2.3634735 2.3634735 2.3670858 2.3791269 2.3634735 2.2945650 2.3634735 2.2945650 2.3634735 2.3634735 2.2945650 2.3634735 2.3634735 2.3634735 2.3634735 2.3634735 2.3634735 2.2945650 2.3634735 2.2945650 2.3634735 2.3634735 2.7761431 2.7972219 2.8020379 2.8020379 2.8058503 2.7919075 2.7918159 2.7918159 2.7852034 2.7918159 2.7918159 2.7918159 2.7918159 2.7918159 2.7918159 2.7918159 2.7966292 2.7918159 2.7918159 2.7918159 2.8984558 2.7918159 2.7918159 2.7918159 2.7918159 2.7918159 2.7918159 2.4725388 2.5977602 
9555_0_000f27    2.4703856 2.4944470 2.0962792 0.7356592 0.8713906 2.4698855 2.5200365 3.4870605 2.4281817 2.5155616 2.1166100 2.5267359 2.7904782 2.4162191 2.5214995 1.3338167 0.9021965 0.0556137 0.0288082 0.0264855 0.1289730 0.1712072 0.0142448 0.0265647 0.0046527 0.0046537 0.0000010 0.0000010 0.0000010 0.0000000 0.0069901 0.0118229 0.0070119 0.0000010 0.0118248 0.0000010 0.0000010 0.0023290 0.0000010 0.0240128 0.0000010 0.0000010 0.0023239 0.0070445 0.0000010 0.0023239 0.0023235 2.1149025 2.1166100 2.1166100 2.1166100 2.1166100 2.1166100 2.1166100 2.1166100 2.1166100 2.1166100 2.1166100 2.1166100 2.1166100 2.1166100 2.1166100 2.1166100 2.1166100 2.1166100 2.1166100 2.1166100 2.1166100 2.1166100 2.1166100 2.1166100 2.1325464 2.1166100 2.1166100 2.1166100 2.1166100 2.1166100 2.1166100 2.1166100 2.1166100 2.1166100 2.1166100 2.1166100 2.1166100 2.1166100 2.1166100 2.1166100 2.1166100 2.1166100 2.1166100 2.5056473 2.5214995 2.5265444 2.5265444 2.5303883 2.5217788 2.5214995 2.5214995 2.5214995 2.5214995 2.5214995 2.5214995 2.5214995 2.5214995 2.5214995 2.5214995 2.5265444 2.5214995 2.5214995 2.5214995 2.5214995 2.5214995 2.5214995 2.5214995 2.5214995 2.5214995 2.5214995 2.4725388 2.4781551 
9598_0_00139d    2.6944995 2.8382237 2.4290429 0.9753723 0.9657258 2.7713782 2.7278822 3.7019487 2.6169044 2.6220152 2.2941303 2.7816560 2.8373130 2.6890750 2.7864561 1.4497024 1.1087909 0.0660667 0.0495926 0.0357390 0.1081151 0.1984484 0.0203094 0.0307971 0.0081825 0.0081837 0.0065466 0.0049078 0.0202993 0.0069901 0.0000000 0.0168274 0.0032705 0.0065466 0.0185586 0.0065466 0.0049002 0.0069480 0.0049078 0.0289732 0.0049078 0.0049078 0.0032636 0.0082770 0.0081873 0.0049071 0.0081914 2.3610069 2.3628254 2.3628254 2.3628254 2.3628254 2.3628254 2.3628254 2.2941303 2.2941303 2.3628254 2.2941303 2.3628254 2.3628254 2.2941303 2.2941303 2.3628254 2.3628254 2.3628254 2.2941303 2.3664174 2.3628254 2.3628254 2.3628254 2.3664174 2.3784260 2.3628254 2.2941303 2.3628254 2.2941303 2.3628254 2.3628254 2.2941303 2.3628254 2.3628254 2.3628254 2.3628254 2.3628254 2.3628254 2.2941303 2.3628254 2.2941303 2.3628254 2.3628254 2.7708392 2.7918465 2.7966490 2.7966490 2.8112145 2.7865507 2.7864561 2.7864561 2.7798624 2.7864561 2.7864561 2.7864561 2.7864561 2.7864561 2.7864561 2.7864561 2.7912559 2.7864561 2.7864561 2.7864561 2.8463214 2.7864561 2.7864561 2.7864561 2.7864561 2.7864561 2.7864561 2.4565824 2.5744895 
39432_0_000cc9   2.6946355 2.8180975 2.4207931 0.9891580 0.9693103 2.7876633 2.7286756 3.7649162 2.6366226 2.6402645 2.3144069 2.7951470 2.8496242 2.6975061 2.8108075 1.4679766 1.0994884 0.0637366 0.0566827 0.0425712 0.1120457 0.1995700 0.0065636 0.0166144 0.0147688 0.0147708 0.0149105 0.0132490 0.0290978 0.0118229 0.0168274 0.0000000 0.0168652 0.0149105 0.0049054 0.0115858 0.0132283 0.0158353 0.0132490 0.0148925 0.0132490 0.0132490 0.0148975 0.0166838 0.0165738 0.0149031 0.0149804 2.3814532 2.3833087 2.3833087 2.3833087 2.3833087 2.3833087 2.3833087 2.3144069 2.3144069 2.3833087 2.3144069 2.3833087 2.3833087 2.3144069 2.3144069 2.3833087 2.3833087 2.3833087 2.3144069 2.3872055 2.3833087 2.3833087 2.3833087 2.3872055 2.3991280 2.3833087 2.3144069 2.3833087 2.3144069 2.3833087 2.3833087 2.3144069 2.3833087 2.3833087 2.3833087 2.3833087 2.3833087 2.3833087 2.3144069 2.3833087 2.3144069 2.3833087 2.3833087 2.7950299 2.8162361 2.8210709 2.8210709 2.8249085 2.8108878 2.8108075 2.8108075 2.8041683 2.8108075 2.8108075 2.8108075 2.8108075 2.8108075 2.8108075 2.8108075 2.8156396 2.8108075 2.8108075 2.8108075 2.8556713 2.8108075 2.8108075 2.8108075 2.8108075 2.8108075 2.8108075 2.4761849 2.6076444 
9597_0_00156c    2.7136661 2.8457950 2.4434359 0.9873292 0.9703732 2.7911427 2.7365489 3.7058216 2.6319961 2.6404888 2.3086875 2.8013139 2.8490843 2.7007693 2.8170178 1.4521640 1.1110623 0.0662204 0.0497085 0.0358200 0.1083720 0.2040418 0.0203552 0.0308671 0.0082004 0.0082016 0.0065610 0.0049186 0.0203452 0.0070119 0.0032705 0.0168652 0.0000000 0.0065610 0.0186003 0.0065610 0.0049110 0.0069642 0.0049186 0.0290388 0.0049186 0.0049186 0.0032707 0.0082953 0.0082052 0.0049178 0.0082094 2.3755268 2.3773672 2.3773672 2.3773672 2.3773672 2.3773672 2.3773672 2.3086875 2.3086875 2.3773672 2.3086875 2.3773672 2.3773672 2.3086875 2.3086875 2.3773672 2.3773672 2.3773672 2.3086875 2.3811664 2.3773672 2.3773672 2.3773672 2.3811664 2.3930867 2.3773672 2.3086875 2.3773672 2.3086875 2.3773672 2.3773672 2.3086875 2.3773672 2.3773672 2.3773672 2.3773672 2.3773672 2.3773672 2.3086875 2.3773672 2.3086875 2.3773672 2.3773672 2.8012083 2.8224530 2.8272932 2.8272932 2.8311385 2.8170944 2.8170178 2.8170178 2.8103710 2.8170178 2.8170178 2.8170178 2.8170178 2.8170178 2.8170178 2.8170178 2.8218553 2.8170178 2.8170178 2.8170178 2.8754129 2.8170178 2.8170178 2.8170178 2.8170178 2.8170178 2.8170178 2.4725388 2.5904821 
